country_code,anho,null_count
ABW,1960,162
ABW,1961,162
ABW,1962,162
ABW,1963,162
ABW,1964,162
ABW,1965,162
ABW,1966,162
ABW,1967,162
ABW,1968,162
ABW,1969,162
ABW,1970,158
ABW,1971,158
ABW,1972,158
ABW,1973,158
ABW,1974,158
ABW,1975,158
ABW,1976,158
ABW,1977,158
ABW,1978,158
ABW,1979,158
ABW,1980,158
ABW,1981,158
ABW,1982,158
ABW,1983,158
ABW,1984,158
ABW,1985,158
ABW,1986,158
ABW,1987,158
ABW,1988,158
ABW,1989,158
ABW,1990,158
ABW,1991,146
ABW,1992,158
ABW,1993,158
ABW,1994,158
ABW,1995,158
ABW,1996,158
ABW,1997,158
ABW,1998,149
ABW,1999,57
ABW,2000,46
ABW,2001,69
ABW,2002,67
ABW,2003,74
ABW,2004,68
ABW,2005,68
ABW,2006,91
ABW,2007,82
ABW,2008,79
ABW,2009,72
ABW,2010,72
ABW,2011,102
ABW,2012,99
ABW,2013,103
ABW,2014,107
ABW,2015,129
ABW,2016,136
ABW,2017,156
ABW,2018,156
ABW,2019,156
ABW,2020,149
ABW,2021,156
ABW,2022,156
ABW,2023,164
AFG,1960,162
AFG,1961,162
AFG,1962,162
AFG,1963,162
AFG,1964,162
AFG,1965,162
AFG,1966,162
AFG,1967,162
AFG,1968,162
AFG,1969,162
AFG,1970,123
AFG,1971,126
AFG,1972,124
AFG,1973,111
AFG,1974,92
AFG,1975,113
AFG,1976,121
AFG,1977,112
AFG,1978,125
AFG,1979,130
AFG,1980,122
AFG,1981,120
AFG,1982,122
AFG,1983,155
AFG,1984,120
AFG,1985,125
AFG,1986,133
AFG,1987,156
AFG,1988,138
AFG,1989,144
AFG,1990,127
AFG,1991,129
AFG,1992,145
AFG,1993,92
AFG,1994,122
AFG,1995,129
AFG,1996,145
AFG,1997,144
AFG,1998,139
AFG,1999,131
AFG,2000,137
AFG,2001,127
AFG,2002,132
AFG,2003,113
AFG,2004,120
AFG,2005,120
AFG,2006,126
AFG,2007,106
AFG,2008,120
AFG,2009,112
AFG,2010,110
AFG,2011,86
AFG,2012,106
AFG,2013,106
AFG,2014,97
AFG,2015,79
AFG,2016,92
AFG,2017,92
AFG,2018,94
AFG,2019,129
AFG,2020,138
AFG,2021,115
AFG,2022,139
AFG,2023,159
AGO,1960,162
AGO,1961,162
AGO,1962,162
AGO,1963,162
AGO,1964,162
AGO,1965,162
AGO,1966,162
AGO,1967,162
AGO,1968,162
AGO,1969,162
AGO,1970,158
AGO,1971,137
AGO,1972,134
AGO,1973,148
AGO,1974,153
AGO,1975,158
AGO,1976,158
AGO,1977,158
AGO,1978,156
AGO,1979,157
AGO,1980,152
AGO,1981,143
AGO,1982,110
AGO,1983,122
AGO,1984,148
AGO,1985,146
AGO,1986,140
AGO,1987,140
AGO,1988,140
AGO,1989,140
AGO,1990,130
AGO,1991,126
AGO,1992,128
AGO,1993,145
AGO,1994,145
AGO,1995,145
AGO,1996,145
AGO,1997,145
AGO,1998,85
AGO,1999,120
AGO,2000,126
AGO,2001,122
AGO,2002,127
AGO,2003,140
AGO,2004,142
AGO,2005,136
AGO,2006,129
AGO,2007,132
AGO,2008,76
AGO,2009,77
AGO,2010,78
AGO,2011,72
AGO,2012,141
AGO,2013,137
AGO,2014,116
AGO,2015,101
AGO,2016,109
AGO,2017,131
AGO,2018,131
AGO,2019,137
AGO,2020,141
AGO,2021,141
AGO,2022,142
AGO,2023,159
ALB,1960,162
ALB,1961,162
ALB,1962,162
ALB,1963,162
ALB,1964,162
ALB,1965,162
ALB,1966,162
ALB,1967,162
ALB,1968,162
ALB,1969,162
ALB,1970,158
ALB,1971,150
ALB,1972,150
ALB,1973,157
ALB,1974,157
ALB,1975,157
ALB,1976,141
ALB,1977,158
ALB,1978,135
ALB,1979,141
ALB,1980,139
ALB,1981,132
ALB,1982,138
ALB,1983,132
ALB,1984,132
ALB,1985,132
ALB,1986,132
ALB,1987,132
ALB,1988,132
ALB,1989,132
ALB,1990,125
ALB,1991,117
ALB,1992,119
ALB,1993,119
ALB,1994,113
ALB,1995,107
ALB,1996,106
ALB,1997,113
ALB,1998,123
ALB,1999,104
ALB,2000,74
ALB,2001,56
ALB,2002,125
ALB,2003,89
ALB,2004,93
ALB,2005,115
ALB,2006,105
ALB,2007,97
ALB,2008,52
ALB,2009,72
ALB,2010,71
ALB,2011,44
ALB,2012,43
ALB,2013,59
ALB,2014,72
ALB,2015,63
ALB,2016,66
ALB,2017,41
ALB,2018,59
ALB,2019,96
ALB,2020,82
ALB,2021,80
ALB,2022,109
ALB,2023,159
AND,1960,162
AND,1961,162
AND,1962,162
AND,1963,162
AND,1964,162
AND,1965,162
AND,1966,162
AND,1967,162
AND,1968,162
AND,1969,162
AND,1970,158
AND,1971,149
AND,1972,149
AND,1973,149
AND,1974,149
AND,1975,135
AND,1976,149
AND,1977,158
AND,1978,158
AND,1979,158
AND,1980,158
AND,1981,158
AND,1982,158
AND,1983,134
AND,1984,158
AND,1985,158
AND,1986,158
AND,1987,158
AND,1988,158
AND,1989,158
AND,1990,150
AND,1991,150
AND,1992,150
AND,1993,150
AND,1994,150
AND,1995,150
AND,1996,150
AND,1997,149
AND,1998,149
AND,1999,148
AND,2000,148
AND,2001,148
AND,2002,105
AND,2003,100
AND,2004,90
AND,2005,93
AND,2006,79
AND,2007,103
AND,2008,101
AND,2009,98
AND,2010,96
AND,2011,97
AND,2012,97
AND,2013,83
AND,2014,53
AND,2015,55
AND,2016,49
AND,2017,76
AND,2018,74
AND,2019,96
AND,2020,100
AND,2021,102
AND,2022,85
AND,2023,164
ARE,1960,162
ARE,1961,162
ARE,1962,162
ARE,1963,162
ARE,1964,162
ARE,1965,162
ARE,1966,162
ARE,1967,162
ARE,1968,162
ARE,1969,162
ARE,1970,158
ARE,1971,142
ARE,1972,142
ARE,1973,125
ARE,1974,119
ARE,1975,106
ARE,1976,120
ARE,1977,114
ARE,1978,98
ARE,1979,115
ARE,1980,97
ARE,1981,107
ARE,1982,96
ARE,1983,93
ARE,1984,92
ARE,1985,85
ARE,1986,92
ARE,1987,91
ARE,1988,92
ARE,1989,91
ARE,1990,83
ARE,1991,76
ARE,1992,76
ARE,1993,78
ARE,1994,74
ARE,1995,77
ARE,1996,98
ARE,1997,80
ARE,1998,82
ARE,1999,109
ARE,2000,109
ARE,2001,108
ARE,2002,112
ARE,2003,115
ARE,2004,106
ARE,2005,84
ARE,2006,113
ARE,2007,108
ARE,2008,144
ARE,2009,114
ARE,2010,112
ARE,2011,115
ARE,2012,87
ARE,2013,93
ARE,2014,104
ARE,2015,100
ARE,2016,79
ARE,2017,86
ARE,2018,119
ARE,2019,62
ARE,2020,90
ARE,2021,106
ARE,2022,144
ARE,2023,159
ARG,1960,162
ARG,1961,162
ARG,1962,162
ARG,1963,162
ARG,1964,162
ARG,1965,162
ARG,1966,162
ARG,1967,162
ARG,1968,162
ARG,1969,162
ARG,1970,74
ARG,1971,111
ARG,1972,119
ARG,1973,116
ARG,1974,87
ARG,1975,82
ARG,1976,110
ARG,1977,120
ARG,1978,127
ARG,1979,123
ARG,1980,111
ARG,1981,127
ARG,1982,123
ARG,1983,130
ARG,1984,119
ARG,1985,119
ARG,1986,119
ARG,1987,114
ARG,1988,129
ARG,1989,154
ARG,1990,138
ARG,1991,101
ARG,1992,145
ARG,1993,145
ARG,1994,127
ARG,1995,145
ARG,1996,108
ARG,1997,111
ARG,1998,68
ARG,1999,72
ARG,2000,68
ARG,2001,44
ARG,2002,63
ARG,2003,56
ARG,2004,63
ARG,2005,67
ARG,2006,61
ARG,2007,65
ARG,2008,65
ARG,2009,73
ARG,2010,74
ARG,2011,76
ARG,2012,74
ARG,2013,72
ARG,2014,74
ARG,2015,74
ARG,2016,74
ARG,2017,77
ARG,2018,101
ARG,2019,101
ARG,2020,101
ARG,2021,113
ARG,2022,150
ARG,2023,159
ARM,1960,162
ARM,1961,162
ARM,1962,162
ARM,1963,162
ARM,1964,162
ARM,1965,162
ARM,1966,162
ARM,1967,162
ARM,1968,162
ARM,1969,162
ARM,1970,158
ARM,1971,158
ARM,1972,158
ARM,1973,158
ARM,1974,158
ARM,1975,158
ARM,1976,158
ARM,1977,158
ARM,1978,158
ARM,1979,158
ARM,1980,156
ARM,1981,158
ARM,1982,158
ARM,1983,158
ARM,1984,158
ARM,1985,158
ARM,1986,156
ARM,1987,157
ARM,1988,156
ARM,1989,148
ARM,1990,147
ARM,1991,126
ARM,1992,133
ARM,1993,133
ARM,1994,121
ARM,1995,133
ARM,1996,121
ARM,1997,127
ARM,1998,132
ARM,1999,120
ARM,2000,112
ARM,2001,97
ARM,2002,84
ARM,2003,88
ARM,2004,99
ARM,2005,82
ARM,2006,85
ARM,2007,79
ARM,2008,100
ARM,2009,94
ARM,2010,92
ARM,2011,48
ARM,2012,94
ARM,2013,80
ARM,2014,74
ARM,2015,54
ARM,2016,60
ARM,2017,53
ARM,2018,71
ARM,2019,82
ARM,2020,57
ARM,2021,80
ARM,2022,98
ARM,2023,159
ASM,1960,162
ASM,1961,162
ASM,1962,162
ASM,1963,162
ASM,1964,162
ASM,1965,162
ASM,1966,162
ASM,1967,162
ASM,1968,162
ASM,1969,162
ASM,1970,162
ASM,1971,155
ASM,1972,148
ASM,1973,149
ASM,1974,136
ASM,1975,148
ASM,1976,149
ASM,1977,150
ASM,1978,151
ASM,1979,152
ASM,1980,133
ASM,1981,152
ASM,1982,142
ASM,1983,144
ASM,1984,136
ASM,1985,136
ASM,1986,136
ASM,1987,136
ASM,1988,136
ASM,1989,125
ASM,1990,120
ASM,1991,132
ASM,1992,131
ASM,1993,154
ASM,1994,154
ASM,1995,154
ASM,1996,154
ASM,1997,154
ASM,1998,158
ASM,1999,158
ASM,2000,160
ASM,2001,160
ASM,2002,160
ASM,2003,160
ASM,2004,160
ASM,2005,160
ASM,2006,156
ASM,2007,158
ASM,2008,160
ASM,2009,160
ASM,2010,160
ASM,2011,160
ASM,2012,160
ASM,2013,160
ASM,2014,160
ASM,2015,160
ASM,2016,160
ASM,2017,158
ASM,2018,158
ASM,2019,158
ASM,2020,158
ASM,2021,158
ASM,2022,158
ASM,2023,164
ATG,1960,162
ATG,1961,162
ATG,1962,162
ATG,1963,162
ATG,1964,162
ATG,1965,162
ATG,1966,162
ATG,1967,162
ATG,1968,162
ATG,1969,162
ATG,1970,158
ATG,1971,149
ATG,1972,138
ATG,1973,153
ATG,1974,133
ATG,1975,120
ATG,1976,126
ATG,1977,130
ATG,1978,130
ATG,1979,146
ATG,1980,158
ATG,1981,158
ATG,1982,158
ATG,1983,158
ATG,1984,146
ATG,1985,158
ATG,1986,158
ATG,1987,158
ATG,1988,158
ATG,1989,158
ATG,1990,150
ATG,1991,150
ATG,1992,122
ATG,1993,150
ATG,1994,150
ATG,1995,148
ATG,1996,150
ATG,1997,150
ATG,1998,149
ATG,1999,144
ATG,2000,105
ATG,2001,146
ATG,2002,140
ATG,2003,149
ATG,2004,149
ATG,2005,149
ATG,2006,149
ATG,2007,102
ATG,2008,96
ATG,2009,69
ATG,2010,81
ATG,2011,84
ATG,2012,82
ATG,2013,125
ATG,2014,74
ATG,2015,87
ATG,2016,130
ATG,2017,78
ATG,2018,84
ATG,2019,132
ATG,2020,147
ATG,2021,146
ATG,2022,154
ATG,2023,164
AUS,1960,162
AUS,1961,162
AUS,1962,162
AUS,1963,162
AUS,1964,162
AUS,1965,162
AUS,1966,162
AUS,1967,162
AUS,1968,162
AUS,1969,162
AUS,1970,150
AUS,1971,112
AUS,1972,142
AUS,1973,125
AUS,1974,121
AUS,1975,121
AUS,1976,121
AUS,1977,129
AUS,1978,127
AUS,1979,123
AUS,1980,125
AUS,1981,124
AUS,1982,125
AUS,1983,124
AUS,1984,120
AUS,1985,120
AUS,1986,118
AUS,1987,118
AUS,1988,117
AUS,1989,117
AUS,1990,112
AUS,1991,104
AUS,1992,104
AUS,1993,92
AUS,1994,95
AUS,1995,86
AUS,1996,93
AUS,1997,103
AUS,1998,117
AUS,1999,116
AUS,2000,109
AUS,2001,118
AUS,2002,122
AUS,2003,114
AUS,2004,102
AUS,2005,99
AUS,2006,99
AUS,2007,103
AUS,2008,103
AUS,2009,103
AUS,2010,100
AUS,2011,97
AUS,2012,93
AUS,2013,94
AUS,2014,90
AUS,2015,73
AUS,2016,74
AUS,2017,76
AUS,2018,90
AUS,2019,90
AUS,2020,88
AUS,2021,118
AUS,2022,151
AUS,2023,159
AUT,1960,162
AUT,1961,162
AUT,1962,162
AUT,1963,162
AUT,1964,162
AUT,1965,162
AUT,1966,162
AUT,1967,162
AUT,1968,162
AUT,1969,162
AUT,1970,154
AUT,1971,95
AUT,1972,114
AUT,1973,115
AUT,1974,122
AUT,1975,124
AUT,1976,119
AUT,1977,138
AUT,1978,132
AUT,1979,132
AUT,1980,132
AUT,1981,113
AUT,1982,120
AUT,1983,120
AUT,1984,120
AUT,1985,119
AUT,1986,120
AUT,1987,121
AUT,1988,121
AUT,1989,106
AUT,1990,113
AUT,1991,102
AUT,1992,108
AUT,1993,108
AUT,1994,110
AUT,1995,103
AUT,1996,103
AUT,1997,104
AUT,1998,81
AUT,1999,74
AUT,2000,89
AUT,2001,96
AUT,2002,67
AUT,2003,73
AUT,2004,70
AUT,2005,70
AUT,2006,74
AUT,2007,63
AUT,2008,63
AUT,2009,63
AUT,2010,57
AUT,2011,47
AUT,2012,48
AUT,2013,45
AUT,2014,33
AUT,2015,36
AUT,2016,37
AUT,2017,49
AUT,2018,99
AUT,2019,75
AUT,2020,93
AUT,2021,106
AUT,2022,151
AUT,2023,159
AZE,1960,162
AZE,1961,162
AZE,1962,162
AZE,1963,162
AZE,1964,162
AZE,1965,162
AZE,1966,162
AZE,1967,162
AZE,1968,162
AZE,1969,162
AZE,1970,158
AZE,1971,158
AZE,1972,158
AZE,1973,158
AZE,1974,158
AZE,1975,158
AZE,1976,158
AZE,1977,158
AZE,1978,158
AZE,1979,158
AZE,1980,158
AZE,1981,145
AZE,1982,158
AZE,1983,158
AZE,1984,158
AZE,1985,158
AZE,1986,145
AZE,1987,158
AZE,1988,158
AZE,1989,152
AZE,1990,142
AZE,1991,116
AZE,1992,112
AZE,1993,107
AZE,1994,113
AZE,1995,105
AZE,1996,109
AZE,1997,114
AZE,1998,105
AZE,1999,77
AZE,2000,84
AZE,2001,85
AZE,2002,82
AZE,2003,81
AZE,2004,82
AZE,2005,81
AZE,2006,67
AZE,2007,49
AZE,2008,55
AZE,2009,52
AZE,2010,48
AZE,2011,46
AZE,2012,48
AZE,2013,50
AZE,2014,57
AZE,2015,52
AZE,2016,50
AZE,2017,45
AZE,2018,29
AZE,2019,57
AZE,2020,81
AZE,2021,78
AZE,2022,100
AZE,2023,159
BDI,1960,162
BDI,1961,162
BDI,1962,162
BDI,1963,162
BDI,1964,162
BDI,1965,162
BDI,1966,162
BDI,1967,162
BDI,1968,162
BDI,1969,162
BDI,1970,155
BDI,1971,112
BDI,1972,112
BDI,1973,96
BDI,1974,111
BDI,1975,117
BDI,1976,108
BDI,1977,110
BDI,1978,98
BDI,1979,101
BDI,1980,90
BDI,1981,99
BDI,1982,86
BDI,1983,90
BDI,1984,86
BDI,1985,88
BDI,1986,84
BDI,1987,82
BDI,1988,94
BDI,1989,103
BDI,1990,91
BDI,1991,92
BDI,1992,90
BDI,1993,81
BDI,1994,140
BDI,1995,133
BDI,1996,132
BDI,1997,139
BDI,1998,129
BDI,1999,114
BDI,2000,76
BDI,2001,77
BDI,2002,78
BDI,2003,74
BDI,2004,54
BDI,2005,67
BDI,2006,77
BDI,2007,74
BDI,2008,75
BDI,2009,50
BDI,2010,47
BDI,2011,61
BDI,2012,51
BDI,2013,65
BDI,2014,26
BDI,2015,54
BDI,2016,61
BDI,2017,22
BDI,2018,48
BDI,2019,83
BDI,2020,109
BDI,2021,115
BDI,2022,112
BDI,2023,159
BEL,1960,162
BEL,1961,162
BEL,1962,162
BEL,1963,162
BEL,1964,162
BEL,1965,162
BEL,1966,162
BEL,1967,162
BEL,1968,162
BEL,1969,162
BEL,1970,146
BEL,1971,129
BEL,1972,129
BEL,1973,129
BEL,1974,104
BEL,1975,109
BEL,1976,109
BEL,1977,90
BEL,1978,116
BEL,1979,100
BEL,1980,101
BEL,1981,100
BEL,1982,101
BEL,1983,105
BEL,1984,99
BEL,1985,99
BEL,1986,96
BEL,1987,94
BEL,1988,101
BEL,1989,131
BEL,1990,123
BEL,1991,90
BEL,1992,109
BEL,1993,82
BEL,1994,84
BEL,1995,96
BEL,1996,94
BEL,1997,144
BEL,1998,143
BEL,1999,100
BEL,2000,95
BEL,2001,105
BEL,2002,99
BEL,2003,101
BEL,2004,92
BEL,2005,83
BEL,2006,66
BEL,2007,83
BEL,2008,57
BEL,2009,57
BEL,2010,60
BEL,2011,58
BEL,2012,61
BEL,2013,37
BEL,2014,39
BEL,2015,39
BEL,2016,37
BEL,2017,43
BEL,2018,96
BEL,2019,72
BEL,2020,96
BEL,2021,115
BEL,2022,151
BEL,2023,159
BEN,1960,162
BEN,1961,162
BEN,1962,162
BEN,1963,162
BEN,1964,162
BEN,1965,162
BEN,1966,162
BEN,1967,162
BEN,1968,162
BEN,1969,162
BEN,1970,158
BEN,1971,107
BEN,1972,117
BEN,1973,111
BEN,1974,116
BEN,1975,112
BEN,1976,116
BEN,1977,112
BEN,1978,116
BEN,1979,99
BEN,1980,120
BEN,1981,127
BEN,1982,118
BEN,1983,114
BEN,1984,101
BEN,1985,97
BEN,1986,97
BEN,1987,112
BEN,1988,110
BEN,1989,110
BEN,1990,105
BEN,1991,111
BEN,1992,85
BEN,1993,95
BEN,1994,95
BEN,1995,95
BEN,1996,95
BEN,1997,99
BEN,1998,119
BEN,1999,104
BEN,2000,60
BEN,2001,71
BEN,2002,71
BEN,2003,75
BEN,2004,81
BEN,2005,104
BEN,2006,86
BEN,2007,129
BEN,2008,88
BEN,2009,92
BEN,2010,81
BEN,2011,78
BEN,2012,79
BEN,2013,63
BEN,2014,64
BEN,2015,67
BEN,2016,84
BEN,2017,94
BEN,2018,90
BEN,2019,96
BEN,2020,87
BEN,2021,90
BEN,2022,106
BEN,2023,159
BFA,1960,162
BFA,1961,162
BFA,1962,162
BFA,1963,162
BFA,1964,162
BFA,1965,162
BFA,1966,162
BFA,1967,162
BFA,1968,162
BFA,1969,162
BFA,1970,158
BFA,1971,91
BFA,1972,89
BFA,1973,107
BFA,1974,107
BFA,1975,97
BFA,1976,103
BFA,1977,97
BFA,1978,99
BFA,1979,93
BFA,1980,93
BFA,1981,97
BFA,1982,97
BFA,1983,81
BFA,1984,97
BFA,1985,100
BFA,1986,104
BFA,1987,104
BFA,1988,98
BFA,1989,97
BFA,1990,110
BFA,1991,85
BFA,1992,94
BFA,1993,89
BFA,1994,76
BFA,1995,102
BFA,1996,105
BFA,1997,136
BFA,1998,106
BFA,1999,67
BFA,2000,82
BFA,2001,75
BFA,2002,92
BFA,2003,62
BFA,2004,77
BFA,2005,52
BFA,2006,35
BFA,2007,25
BFA,2008,63
BFA,2009,49
BFA,2010,58
BFA,2011,49
BFA,2012,43
BFA,2013,44
BFA,2014,26
BFA,2015,44
BFA,2016,50
BFA,2017,43
BFA,2018,15
BFA,2019,49
BFA,2020,79
BFA,2021,79
BFA,2022,92
BFA,2023,159
BGD,1960,162
BGD,1961,162
BGD,1962,162
BGD,1963,162
BGD,1964,162
BGD,1965,162
BGD,1966,162
BGD,1967,162
BGD,1968,162
BGD,1969,162
BGD,1970,131
BGD,1971,148
BGD,1972,141
BGD,1973,116
BGD,1974,137
BGD,1975,146
BGD,1976,111
BGD,1977,113
BGD,1978,128
BGD,1979,123
BGD,1980,116
BGD,1981,86
BGD,1982,140
BGD,1983,114
BGD,1984,114
BGD,1985,110
BGD,1986,110
BGD,1987,110
BGD,1988,110
BGD,1989,114
BGD,1990,102
BGD,1991,133
BGD,1992,140
BGD,1993,140
BGD,1994,145
BGD,1995,145
BGD,1996,145
BGD,1997,140
BGD,1998,111
BGD,1999,97
BGD,2000,93
BGD,2001,81
BGD,2002,97
BGD,2003,98
BGD,2004,98
BGD,2005,74
BGD,2006,68
BGD,2007,69
BGD,2008,55
BGD,2009,47
BGD,2010,73
BGD,2011,50
BGD,2012,66
BGD,2013,68
BGD,2014,104
BGD,2015,81
BGD,2016,57
BGD,2017,54
BGD,2018,62
BGD,2019,97
BGD,2020,95
BGD,2021,100
BGD,2022,111
BGD,2023,159
BGR,1960,162
BGR,1961,162
BGR,1962,162
BGR,1963,162
BGR,1964,162
BGR,1965,162
BGR,1966,162
BGR,1967,162
BGR,1968,162
BGR,1969,162
BGR,1970,157
BGR,1971,123
BGR,1972,123
BGR,1973,123
BGR,1974,123
BGR,1975,114
BGR,1976,123
BGR,1977,123
BGR,1978,123
BGR,1979,123
BGR,1980,122
BGR,1981,124
BGR,1982,124
BGR,1983,124
BGR,1984,124
BGR,1985,120
BGR,1986,112
BGR,1987,112
BGR,1988,112
BGR,1989,112
BGR,1990,101
BGR,1991,96
BGR,1992,84
BGR,1993,97
BGR,1994,99
BGR,1995,97
BGR,1996,70
BGR,1997,75
BGR,1998,70
BGR,1999,76
BGR,2000,67
BGR,2001,30
BGR,2002,57
BGR,2003,60
BGR,2004,63
BGR,2005,60
BGR,2006,46
BGR,2007,50
BGR,2008,50
BGR,2009,46
BGR,2010,46
BGR,2011,37
BGR,2012,42
BGR,2013,40
BGR,2014,49
BGR,2015,61
BGR,2016,47
BGR,2017,49
BGR,2018,93
BGR,2019,93
BGR,2020,81
BGR,2021,99
BGR,2022,151
BGR,2023,159
BHR,1960,162
BHR,1961,162
BHR,1962,162
BHR,1963,162
BHR,1964,162
BHR,1965,162
BHR,1966,162
BHR,1967,162
BHR,1968,162
BHR,1969,162
BHR,1970,155
BHR,1971,103
BHR,1972,113
BHR,1973,112
BHR,1974,110
BHR,1975,111
BHR,1976,111
BHR,1977,101
BHR,1978,102
BHR,1979,106
BHR,1980,110
BHR,1981,94
BHR,1982,81
BHR,1983,93
BHR,1984,95
BHR,1985,84
BHR,1986,88
BHR,1987,84
BHR,1988,93
BHR,1989,101
BHR,1990,123
BHR,1991,62
BHR,1992,72
BHR,1993,77
BHR,1994,74
BHR,1995,76
BHR,1996,99
BHR,1997,101
BHR,1998,91
BHR,1999,76
BHR,2000,80
BHR,2001,57
BHR,2002,82
BHR,2003,73
BHR,2004,75
BHR,2005,80
BHR,2006,78
BHR,2007,141
BHR,2008,112
BHR,2009,113
BHR,2010,92
BHR,2011,46
BHR,2012,50
BHR,2013,51
BHR,2014,53
BHR,2015,45
BHR,2016,26
BHR,2017,30
BHR,2018,25
BHR,2019,85
BHR,2020,92
BHR,2021,136
BHR,2022,99
BHR,2023,159
BHS,1960,162
BHS,1961,162
BHS,1962,162
BHS,1963,162
BHS,1964,162
BHS,1965,162
BHS,1966,162
BHS,1967,162
BHS,1968,162
BHS,1969,162
BHS,1970,158
BHS,1971,142
BHS,1972,145
BHS,1973,144
BHS,1974,148
BHS,1975,146
BHS,1976,137
BHS,1977,140
BHS,1978,148
BHS,1979,148
BHS,1980,140
BHS,1981,142
BHS,1982,138
BHS,1983,134
BHS,1984,142
BHS,1985,133
BHS,1986,138
BHS,1987,146
BHS,1988,152
BHS,1989,158
BHS,1990,138
BHS,1991,139
BHS,1992,110
BHS,1993,104
BHS,1994,122
BHS,1995,112
BHS,1996,135
BHS,1997,117
BHS,1998,134
BHS,1999,78
BHS,2000,119
BHS,2001,143
BHS,2002,99
BHS,2003,143
BHS,2004,85
BHS,2005,66
BHS,2006,66
BHS,2007,67
BHS,2008,68
BHS,2009,68
BHS,2010,60
BHS,2011,62
BHS,2012,62
BHS,2013,82
BHS,2014,85
BHS,2015,82
BHS,2016,85
BHS,2017,100
BHS,2018,85
BHS,2019,114
BHS,2020,141
BHS,2021,118
BHS,2022,149
BHS,2023,159
BIH,1960,162
BIH,1961,162
BIH,1962,162
BIH,1963,162
BIH,1964,162
BIH,1965,162
BIH,1966,162
BIH,1967,162
BIH,1968,162
BIH,1969,162
BIH,1970,158
BIH,1971,158
BIH,1972,158
BIH,1973,158
BIH,1974,158
BIH,1975,158
BIH,1976,158
BIH,1977,158
BIH,1978,158
BIH,1979,158
BIH,1980,158
BIH,1981,158
BIH,1982,158
BIH,1983,158
BIH,1984,158
BIH,1985,158
BIH,1986,158
BIH,1987,158
BIH,1988,158
BIH,1989,158
BIH,1990,150
BIH,1991,138
BIH,1992,145
BIH,1993,145
BIH,1994,145
BIH,1995,145
BIH,1996,145
BIH,1997,145
BIH,1998,144
BIH,1999,143
BIH,2000,135
BIH,2001,143
BIH,2002,143
BIH,2003,143
BIH,2004,143
BIH,2005,139
BIH,2006,138
BIH,2007,125
BIH,2008,120
BIH,2009,102
BIH,2010,79
BIH,2011,68
BIH,2012,96
BIH,2013,78
BIH,2014,64
BIH,2015,58
BIH,2016,52
BIH,2017,78
BIH,2018,54
BIH,2019,105
BIH,2020,75
BIH,2021,99
BIH,2022,109
BIH,2023,159
BLR,1960,162
BLR,1961,162
BLR,1962,162
BLR,1963,162
BLR,1964,162
BLR,1965,162
BLR,1966,162
BLR,1967,162
BLR,1968,162
BLR,1969,162
BLR,1970,152
BLR,1971,137
BLR,1972,134
BLR,1973,134
BLR,1974,134
BLR,1975,134
BLR,1976,134
BLR,1977,134
BLR,1978,134
BLR,1979,136
BLR,1980,133
BLR,1981,140
BLR,1982,140
BLR,1983,140
BLR,1984,140
BLR,1985,140
BLR,1986,143
BLR,1987,142
BLR,1988,138
BLR,1989,121
BLR,1990,130
BLR,1991,126
BLR,1992,124
BLR,1993,107
BLR,1994,109
BLR,1995,91
BLR,1996,108
BLR,1997,117
BLR,1998,107
BLR,1999,92
BLR,2000,99
BLR,2001,97
BLR,2002,91
BLR,2003,93
BLR,2004,83
BLR,2005,82
BLR,2006,83
BLR,2007,85
BLR,2008,86
BLR,2009,62
BLR,2010,76
BLR,2011,70
BLR,2012,59
BLR,2013,42
BLR,2014,42
BLR,2015,42
BLR,2016,44
BLR,2017,44
BLR,2018,49
BLR,2019,49
BLR,2020,80
BLR,2021,81
BLR,2022,101
BLR,2023,159
BLZ,1960,162
BLZ,1961,162
BLZ,1962,162
BLZ,1963,162
BLZ,1964,162
BLZ,1965,162
BLZ,1966,162
BLZ,1967,162
BLZ,1968,162
BLZ,1969,162
BLZ,1970,152
BLZ,1971,146
BLZ,1972,150
BLZ,1973,154
BLZ,1974,143
BLZ,1975,152
BLZ,1976,151
BLZ,1977,150
BLZ,1978,156
BLZ,1979,157
BLZ,1980,146
BLZ,1981,150
BLZ,1982,152
BLZ,1983,155
BLZ,1984,156
BLZ,1985,156
BLZ,1986,138
BLZ,1987,137
BLZ,1988,156
BLZ,1989,155
BLZ,1990,144
BLZ,1991,102
BLZ,1992,124
BLZ,1993,133
BLZ,1994,112
BLZ,1995,107
BLZ,1996,124
BLZ,1997,133
BLZ,1998,144
BLZ,1999,66
BLZ,2000,51
BLZ,2001,44
BLZ,2002,130
BLZ,2003,61
BLZ,2004,59
BLZ,2005,59
BLZ,2006,51
BLZ,2007,50
BLZ,2008,42
BLZ,2009,42
BLZ,2010,27
BLZ,2011,54
BLZ,2012,48
BLZ,2013,37
BLZ,2014,59
BLZ,2015,39
BLZ,2016,46
BLZ,2017,58
BLZ,2018,62
BLZ,2019,83
BLZ,2020,62
BLZ,2021,85
BLZ,2022,99
BLZ,2023,159
BMU,1960,162
BMU,1961,162
BMU,1962,162
BMU,1963,162
BMU,1964,162
BMU,1965,162
BMU,1966,162
BMU,1967,162
BMU,1968,162
BMU,1969,162
BMU,1970,149
BMU,1971,131
BMU,1972,133
BMU,1973,132
BMU,1974,134
BMU,1975,121
BMU,1976,141
BMU,1977,130
BMU,1978,117
BMU,1979,119
BMU,1980,131
BMU,1981,137
BMU,1982,143
BMU,1983,143
BMU,1984,132
BMU,1985,128
BMU,1986,158
BMU,1987,158
BMU,1988,158
BMU,1989,158
BMU,1990,154
BMU,1991,145
BMU,1992,154
BMU,1993,158
BMU,1994,158
BMU,1995,146
BMU,1996,158
BMU,1997,146
BMU,1998,152
BMU,1999,156
BMU,2000,144
BMU,2001,99
BMU,2002,93
BMU,2003,98
BMU,2004,98
BMU,2005,95
BMU,2006,108
BMU,2007,150
BMU,2008,152
BMU,2009,148
BMU,2010,86
BMU,2011,75
BMU,2012,82
BMU,2013,116
BMU,2014,94
BMU,2015,112
BMU,2016,108
BMU,2017,135
BMU,2018,139
BMU,2019,146
BMU,2020,146
BMU,2021,146
BMU,2022,154
BMU,2023,164
BOL,1960,162
BOL,1961,162
BOL,1962,162
BOL,1963,162
BOL,1964,162
BOL,1965,162
BOL,1966,162
BOL,1967,162
BOL,1968,162
BOL,1969,162
BOL,1970,146
BOL,1971,138
BOL,1972,148
BOL,1973,145
BOL,1974,149
BOL,1975,148
BOL,1976,135
BOL,1977,152
BOL,1978,152
BOL,1979,152
BOL,1980,147
BOL,1981,149
BOL,1982,157
BOL,1983,149
BOL,1984,146
BOL,1985,158
BOL,1986,146
BOL,1987,148
BOL,1988,156
BOL,1989,146
BOL,1990,132
BOL,1991,130
BOL,1992,108
BOL,1993,130
BOL,1994,130
BOL,1995,130
BOL,1996,130
BOL,1997,130
BOL,1998,104
BOL,1999,94
BOL,2000,82
BOL,2001,73
BOL,2002,85
BOL,2003,94
BOL,2004,85
BOL,2005,85
BOL,2006,74
BOL,2007,77
BOL,2008,82
BOL,2009,69
BOL,2010,83
BOL,2011,61
BOL,2012,49
BOL,2013,67
BOL,2014,67
BOL,2015,49
BOL,2016,67
BOL,2017,67
BOL,2018,70
BOL,2019,73
BOL,2020,76
BOL,2021,112
BOL,2022,150
BOL,2023,159
BRA,1960,162
BRA,1961,162
BRA,1962,162
BRA,1963,162
BRA,1964,162
BRA,1965,162
BRA,1966,162
BRA,1967,162
BRA,1968,162
BRA,1969,162
BRA,1970,110
BRA,1971,122
BRA,1972,122
BRA,1973,122
BRA,1974,126
BRA,1975,143
BRA,1976,131
BRA,1977,143
BRA,1978,143
BRA,1979,139
BRA,1980,124
BRA,1981,147
BRA,1982,149
BRA,1983,147
BRA,1984,149
BRA,1985,148
BRA,1986,155
BRA,1987,149
BRA,1988,148
BRA,1989,146
BRA,1990,141
BRA,1991,133
BRA,1992,130
BRA,1993,130
BRA,1994,132
BRA,1995,141
BRA,1996,142
BRA,1997,142
BRA,1998,126
BRA,1999,105
BRA,2000,110
BRA,2001,98
BRA,2002,87
BRA,2003,99
BRA,2004,75
BRA,2005,87
BRA,2006,115
BRA,2007,75
BRA,2008,81
BRA,2009,74
BRA,2010,90
BRA,2011,74
BRA,2012,56
BRA,2013,53
BRA,2014,53
BRA,2015,53
BRA,2016,54
BRA,2017,54
BRA,2018,74
BRA,2019,74
BRA,2020,74
BRA,2021,86
BRA,2022,144
BRA,2023,159
BRB,1960,162
BRB,1961,162
BRB,1962,162
BRB,1963,162
BRB,1964,162
BRB,1965,162
BRB,1966,162
BRB,1967,162
BRB,1968,162
BRB,1969,162
BRB,1970,145
BRB,1971,119
BRB,1972,118
BRB,1973,121
BRB,1974,130
BRB,1975,142
BRB,1976,124
BRB,1977,132
BRB,1978,129
BRB,1979,131
BRB,1980,130
BRB,1981,119
BRB,1982,127
BRB,1983,120
BRB,1984,128
BRB,1985,126
BRB,1986,157
BRB,1987,157
BRB,1988,157
BRB,1989,109
BRB,1990,107
BRB,1991,138
BRB,1992,118
BRB,1993,143
BRB,1994,144
BRB,1995,144
BRB,1996,145
BRB,1997,145
BRB,1998,144
BRB,1999,65
BRB,2000,45
BRB,2001,59
BRB,2002,65
BRB,2003,62
BRB,2004,60
BRB,2005,56
BRB,2006,82
BRB,2007,62
BRB,2008,64
BRB,2009,67
BRB,2010,67
BRB,2011,80
BRB,2012,133
BRB,2013,137
BRB,2014,74
BRB,2015,79
BRB,2016,71
BRB,2017,71
BRB,2018,68
BRB,2019,89
BRB,2020,80
BRB,2021,83
BRB,2022,102
BRB,2023,159
BRN,1960,162
BRN,1961,162
BRN,1962,162
BRN,1963,162
BRN,1964,162
BRN,1965,162
BRN,1966,162
BRN,1967,162
BRN,1968,162
BRN,1969,162
BRN,1970,129
BRN,1971,123
BRN,1972,117
BRN,1973,117
BRN,1974,117
BRN,1975,108
BRN,1976,114
BRN,1977,92
BRN,1978,92
BRN,1979,84
BRN,1980,89
BRN,1981,77
BRN,1982,92
BRN,1983,89
BRN,1984,90
BRN,1985,146
BRN,1986,107
BRN,1987,134
BRN,1988,138
BRN,1989,138
BRN,1990,145
BRN,1991,81
BRN,1992,82
BRN,1993,80
BRN,1994,86
BRN,1995,110
BRN,1996,130
BRN,1997,129
BRN,1998,96
BRN,1999,98
BRN,2000,98
BRN,2001,93
BRN,2002,97
BRN,2003,91
BRN,2004,85
BRN,2005,62
BRN,2006,67
BRN,2007,66
BRN,2008,67
BRN,2009,63
BRN,2010,66
BRN,2011,36
BRN,2012,67
BRN,2013,67
BRN,2014,55
BRN,2015,67
BRN,2016,46
BRN,2017,59
BRN,2018,49
BRN,2019,81
BRN,2020,90
BRN,2021,136
BRN,2022,151
BRN,2023,159
BTN,1960,162
BTN,1961,162
BTN,1962,162
BTN,1963,162
BTN,1964,162
BTN,1965,162
BTN,1966,162
BTN,1967,162
BTN,1968,162
BTN,1969,162
BTN,1970,138
BTN,1971,135
BTN,1972,135
BTN,1973,156
BTN,1974,138
BTN,1975,155
BTN,1976,143
BTN,1977,126
BTN,1978,102
BTN,1979,111
BTN,1980,149
BTN,1981,155
BTN,1982,146
BTN,1983,132
BTN,1984,137
BTN,1985,146
BTN,1986,150
BTN,1987,154
BTN,1988,146
BTN,1989,158
BTN,1990,150
BTN,1991,133
BTN,1992,134
BTN,1993,114
BTN,1994,125
BTN,1995,128
BTN,1996,134
BTN,1997,125
BTN,1998,70
BTN,1999,53
BTN,2000,69
BTN,2001,84
BTN,2002,133
BTN,2003,129
BTN,2004,121
BTN,2005,51
BTN,2006,72
BTN,2007,108
BTN,2008,59
BTN,2009,64
BTN,2010,59
BTN,2011,60
BTN,2012,43
BTN,2013,65
BTN,2014,89
BTN,2015,66
BTN,2016,53
BTN,2017,24
BTN,2018,53
BTN,2019,116
BTN,2020,102
BTN,2021,94
BTN,2022,99
BTN,2023,159
BWA,1960,162
BWA,1961,162
BWA,1962,162
BWA,1963,162
BWA,1964,162
BWA,1965,162
BWA,1966,162
BWA,1967,162
BWA,1968,162
BWA,1969,162
BWA,1970,100
BWA,1971,84
BWA,1972,93
BWA,1973,99
BWA,1974,97
BWA,1975,97
BWA,1976,98
BWA,1977,99
BWA,1978,95
BWA,1979,97
BWA,1980,94
BWA,1981,96
BWA,1982,127
BWA,1983,97
BWA,1984,84
BWA,1985,83
BWA,1986,88
BWA,1987,90
BWA,1988,98
BWA,1989,93
BWA,1990,81
BWA,1991,67
BWA,1992,73
BWA,1993,75
BWA,1994,74
BWA,1995,77
BWA,1996,106
BWA,1997,136
BWA,1998,67
BWA,1999,63
BWA,2000,63
BWA,2001,69
BWA,2002,68
BWA,2003,61
BWA,2004,73
BWA,2005,63
BWA,2006,70
BWA,2007,65
BWA,2008,81
BWA,2009,88
BWA,2010,141
BWA,2011,139
BWA,2012,79
BWA,2013,82
BWA,2014,95
BWA,2015,123
BWA,2016,136
BWA,2017,135
BWA,2018,142
BWA,2019,137
BWA,2020,137
BWA,2021,112
BWA,2022,152
BWA,2023,159
CAF,1960,162
CAF,1961,162
CAF,1962,162
CAF,1963,162
CAF,1964,162
CAF,1965,162
CAF,1966,162
CAF,1967,162
CAF,1968,162
CAF,1969,162
CAF,1970,158
CAF,1971,88
CAF,1972,92
CAF,1973,91
CAF,1974,130
CAF,1975,107
CAF,1976,123
CAF,1977,109
CAF,1978,104
CAF,1979,132
CAF,1980,123
CAF,1981,90
CAF,1982,95
CAF,1983,108
CAF,1984,138
CAF,1985,135
CAF,1986,89
CAF,1987,88
CAF,1988,83
CAF,1989,102
CAF,1990,81
CAF,1991,82
CAF,1992,115
CAF,1993,145
CAF,1994,145
CAF,1995,145
CAF,1996,145
CAF,1997,145
CAF,1998,144
CAF,1999,135
CAF,2000,128
CAF,2001,126
CAF,2002,128
CAF,2003,129
CAF,2004,122
CAF,2005,94
CAF,2006,96
CAF,2007,104
CAF,2008,81
CAF,2009,60
CAF,2010,73
CAF,2011,68
CAF,2012,82
CAF,2013,141
CAF,2014,141
CAF,2015,141
CAF,2016,100
CAF,2017,97
CAF,2018,134
CAF,2019,125
CAF,2020,134
CAF,2021,141
CAF,2022,149
CAF,2023,159
CAN,1960,162
CAN,1961,162
CAN,1962,162
CAN,1963,162
CAN,1964,162
CAN,1965,162
CAN,1966,162
CAN,1967,162
CAN,1968,162
CAN,1969,162
CAN,1970,151
CAN,1971,137
CAN,1972,133
CAN,1973,137
CAN,1974,137
CAN,1975,137
CAN,1976,120
CAN,1977,137
CAN,1978,137
CAN,1979,139
CAN,1980,137
CAN,1981,128
CAN,1982,121
CAN,1983,114
CAN,1984,114
CAN,1985,116
CAN,1986,103
CAN,1987,116
CAN,1988,116
CAN,1989,112
CAN,1990,101
CAN,1991,84
CAN,1992,96
CAN,1993,92
CAN,1994,86
CAN,1995,92
CAN,1996,96
CAN,1997,144
CAN,1998,86
CAN,1999,93
CAN,2000,99
CAN,2001,133
CAN,2002,137
CAN,2003,143
CAN,2004,137
CAN,2005,126
CAN,2006,111
CAN,2007,118
CAN,2008,109
CAN,2009,109
CAN,2010,109
CAN,2011,96
CAN,2012,103
CAN,2013,97
CAN,2014,97
CAN,2015,100
CAN,2016,78
CAN,2017,102
CAN,2018,112
CAN,2019,116
CAN,2020,113
CAN,2021,120
CAN,2022,149
CAN,2023,159
CHE,1960,162
CHE,1961,162
CHE,1962,162
CHE,1963,162
CHE,1964,162
CHE,1965,162
CHE,1966,162
CHE,1967,162
CHE,1968,162
CHE,1969,162
CHE,1970,152
CHE,1971,154
CHE,1972,154
CHE,1973,148
CHE,1974,148
CHE,1975,150
CHE,1976,150
CHE,1977,112
CHE,1978,103
CHE,1979,114
CHE,1980,107
CHE,1981,93
CHE,1982,95
CHE,1983,95
CHE,1984,95
CHE,1985,95
CHE,1986,95
CHE,1987,101
CHE,1988,101
CHE,1989,101
CHE,1990,90
CHE,1991,83
CHE,1992,89
CHE,1993,85
CHE,1994,85
CHE,1995,100
CHE,1996,89
CHE,1997,144
CHE,1998,104
CHE,1999,75
CHE,2000,78
CHE,2001,78
CHE,2002,78
CHE,2003,75
CHE,2004,77
CHE,2005,76
CHE,2006,79
CHE,2007,82
CHE,2008,79
CHE,2009,65
CHE,2010,62
CHE,2011,58
CHE,2012,48
CHE,2013,67
CHE,2014,60
CHE,2015,53
CHE,2016,40
CHE,2017,67
CHE,2018,74
CHE,2019,74
CHE,2020,92
CHE,2021,106
CHE,2022,151
CHE,2023,159
CHI,1960,162
CHI,1961,162
CHI,1962,162
CHI,1963,162
CHI,1964,162
CHI,1965,162
CHI,1966,162
CHI,1967,162
CHI,1968,162
CHI,1969,162
CHI,1970,162
CHI,1971,162
CHI,1972,162
CHI,1973,162
CHI,1974,162
CHI,1975,162
CHI,1976,162
CHI,1977,162
CHI,1978,162
CHI,1979,162
CHI,1980,162
CHI,1981,162
CHI,1982,162
CHI,1983,162
CHI,1984,162
CHI,1985,162
CHI,1986,162
CHI,1987,162
CHI,1988,162
CHI,1989,162
CHI,1990,162
CHI,1991,157
CHI,1992,157
CHI,1993,157
CHI,1994,157
CHI,1995,157
CHI,1996,157
CHI,1997,157
CHI,1998,157
CHI,1999,157
CHI,2000,157
CHI,2001,157
CHI,2002,157
CHI,2003,157
CHI,2004,157
CHI,2005,157
CHI,2006,157
CHI,2007,157
CHI,2008,157
CHI,2009,157
CHI,2010,157
CHI,2011,157
CHI,2012,157
CHI,2013,157
CHI,2014,157
CHI,2015,157
CHI,2016,157
CHI,2017,157
CHI,2018,157
CHI,2019,157
CHI,2020,157
CHI,2021,157
CHI,2022,157
CHI,2023,159
CHL,1960,162
CHL,1961,162
CHL,1962,162
CHL,1963,162
CHL,1964,162
CHL,1965,162
CHL,1966,162
CHL,1967,162
CHL,1968,162
CHL,1969,162
CHL,1970,107
CHL,1971,112
CHL,1972,112
CHL,1973,115
CHL,1974,113
CHL,1975,109
CHL,1976,112
CHL,1977,121
CHL,1978,129
CHL,1979,129
CHL,1980,132
CHL,1981,136
CHL,1982,117
CHL,1983,123
CHL,1984,132
CHL,1985,134
CHL,1986,134
CHL,1987,149
CHL,1988,146
CHL,1989,137
CHL,1990,126
CHL,1991,123
CHL,1992,117
CHL,1993,115
CHL,1994,130
CHL,1995,132
CHL,1996,118
CHL,1997,118
CHL,1998,102
CHL,1999,102
CHL,2000,82
CHL,2001,144
CHL,2002,86
CHL,2003,88
CHL,2004,81
CHL,2005,93
CHL,2006,80
CHL,2007,60
CHL,2008,61
CHL,2009,60
CHL,2010,55
CHL,2011,31
CHL,2012,67
CHL,2013,29
CHL,2014,54
CHL,2015,27
CHL,2016,62
CHL,2017,28
CHL,2018,91
CHL,2019,89
CHL,2020,82
CHL,2021,109
CHL,2022,144
CHL,2023,159
CHN,1960,162
CHN,1961,162
CHN,1962,162
CHN,1963,162
CHN,1964,162
CHN,1965,162
CHN,1966,162
CHN,1967,162
CHN,1968,162
CHN,1969,162
CHN,1970,147
CHN,1971,146
CHN,1972,146
CHN,1973,143
CHN,1974,131
CHN,1975,131
CHN,1976,126
CHN,1977,126
CHN,1978,126
CHN,1979,123
CHN,1980,121
CHN,1981,125
CHN,1982,108
CHN,1983,127
CHN,1984,124
CHN,1985,123
CHN,1986,123
CHN,1987,111
CHN,1988,117
CHN,1989,107
CHN,1990,93
CHN,1991,93
CHN,1992,89
CHN,1993,89
CHN,1994,84
CHN,1995,81
CHN,1996,74
CHN,1997,85
CHN,1998,122
CHN,1999,121
CHN,2000,114
CHN,2001,113
CHN,2002,126
CHN,2003,113
CHN,2004,137
CHN,2005,136
CHN,2006,95
CHN,2007,91
CHN,2008,90
CHN,2009,91
CHN,2010,69
CHN,2011,95
CHN,2012,100
CHN,2013,103
CHN,2014,103
CHN,2015,100
CHN,2016,100
CHN,2017,100
CHN,2018,100
CHN,2019,114
CHN,2020,107
CHN,2021,120
CHN,2022,134
CHN,2023,159
CIV,1960,162
CIV,1961,162
CIV,1962,162
CIV,1963,162
CIV,1964,162
CIV,1965,162
CIV,1966,162
CIV,1967,162
CIV,1968,162
CIV,1969,162
CIV,1970,144
CIV,1971,124
CIV,1972,118
CIV,1973,106
CIV,1974,112
CIV,1975,124
CIV,1976,112
CIV,1977,101
CIV,1978,116
CIV,1979,113
CIV,1980,113
CIV,1981,119
CIV,1982,133
CIV,1983,115
CIV,1984,111
CIV,1985,120
CIV,1986,124
CIV,1987,118
CIV,1988,113
CIV,1989,126
CIV,1990,120
CIV,1991,108
CIV,1992,103
CIV,1993,108
CIV,1994,103
CIV,1995,102
CIV,1996,90
CIV,1997,86
CIV,1998,81
CIV,1999,63
CIV,2000,69
CIV,2001,89
CIV,2002,97
CIV,2003,97
CIV,2004,140
CIV,2005,140
CIV,2006,95
CIV,2007,94
CIV,2008,89
CIV,2009,79
CIV,2010,127
CIV,2011,83
CIV,2012,86
CIV,2013,63
CIV,2014,22
CIV,2015,54
CIV,2016,33
CIV,2017,52
CIV,2018,60
CIV,2019,74
CIV,2020,81
CIV,2021,86
CIV,2022,102
CIV,2023,159
CMR,1960,162
CMR,1961,162
CMR,1962,162
CMR,1963,162
CMR,1964,162
CMR,1965,162
CMR,1966,162
CMR,1967,162
CMR,1968,162
CMR,1969,162
CMR,1970,158
CMR,1971,101
CMR,1972,89
CMR,1973,84
CMR,1974,86
CMR,1975,86
CMR,1976,75
CMR,1977,90
CMR,1978,88
CMR,1979,87
CMR,1980,86
CMR,1981,106
CMR,1982,108
CMR,1983,105
CMR,1984,105
CMR,1985,107
CMR,1986,106
CMR,1987,108
CMR,1988,99
CMR,1989,127
CMR,1990,82
CMR,1991,85
CMR,1992,118
CMR,1993,144
CMR,1994,129
CMR,1995,120
CMR,1996,139
CMR,1997,121
CMR,1998,114
CMR,1999,98
CMR,2000,104
CMR,2001,107
CMR,2002,111
CMR,2003,95
CMR,2004,89
CMR,2005,93
CMR,2006,73
CMR,2007,57
CMR,2008,70
CMR,2009,76
CMR,2010,58
CMR,2011,46
CMR,2012,65
CMR,2013,96
CMR,2014,62
CMR,2015,56
CMR,2016,63
CMR,2017,72
CMR,2018,68
CMR,2019,111
CMR,2020,106
CMR,2021,102
CMR,2022,117
CMR,2023,159
COD,1960,162
COD,1961,162
COD,1962,162
COD,1963,162
COD,1964,162
COD,1965,162
COD,1966,162
COD,1967,162
COD,1968,162
COD,1969,162
COD,1970,158
COD,1971,97
COD,1972,105
COD,1973,132
COD,1974,131
COD,1975,118
COD,1976,124
COD,1977,124
COD,1978,130
COD,1979,120
COD,1980,131
COD,1981,132
COD,1982,132
COD,1983,118
COD,1984,108
COD,1985,141
COD,1986,141
COD,1987,130
COD,1988,112
COD,1989,156
COD,1990,143
COD,1991,105
COD,1992,81
COD,1993,75
COD,1994,87
COD,1995,112
COD,1996,145
COD,1997,145
COD,1998,136
COD,1999,104
COD,2000,143
COD,2001,132
COD,2002,119
COD,2003,143
COD,2004,143
COD,2005,143
COD,2006,141
COD,2007,81
COD,2008,94
COD,2009,89
COD,2010,75
COD,2011,92
COD,2012,73
COD,2013,53
COD,2014,84
COD,2015,100
COD,2016,109
COD,2017,141
COD,2018,108
COD,2019,141
COD,2020,108
COD,2021,117
COD,2022,142
COD,2023,159
COG,1960,162
COG,1961,162
COG,1962,162
COG,1963,162
COG,1964,162
COG,1965,162
COG,1966,162
COG,1967,162
COG,1968,162
COG,1969,162
COG,1970,154
COG,1971,109
COG,1972,88
COG,1973,101
COG,1974,92
COG,1975,102
COG,1976,85
COG,1977,115
COG,1978,84
COG,1979,99
COG,1980,97
COG,1981,98
COG,1982,95
COG,1983,96
COG,1984,73
COG,1985,117
COG,1986,112
COG,1987,117
COG,1988,114
COG,1989,108
COG,1990,109
COG,1991,106
COG,1992,100
COG,1993,106
COG,1994,107
COG,1995,117
COG,1996,103
COG,1997,133
COG,1998,130
COG,1999,112
COG,2000,108
COG,2001,106
COG,2002,82
COG,2003,89
COG,2004,88
COG,2005,90
COG,2006,97
COG,2007,109
COG,2008,112
COG,2009,107
COG,2010,83
COG,2011,99
COG,2012,62
COG,2013,126
COG,2014,131
COG,2015,106
COG,2016,141
COG,2017,135
COG,2018,106
COG,2019,139
COG,2020,141
COG,2021,134
COG,2022,149
COG,2023,159
COL,1960,162
COL,1961,162
COL,1962,162
COL,1963,162
COL,1964,162
COL,1965,162
COL,1966,162
COL,1967,162
COL,1968,162
COL,1969,162
COL,1970,115
COL,1971,116
COL,1972,115
COL,1973,119
COL,1974,122
COL,1975,127
COL,1976,135
COL,1977,127
COL,1978,127
COL,1979,123
COL,1980,121
COL,1981,115
COL,1982,105
COL,1983,109
COL,1984,95
COL,1985,94
COL,1986,89
COL,1987,100
COL,1988,100
COL,1989,102
COL,1990,128
COL,1991,91
COL,1992,97
COL,1993,87
COL,1994,107
COL,1995,105
COL,1996,90
COL,1997,139
COL,1998,84
COL,1999,73
COL,2000,76
COL,2001,86
COL,2002,65
COL,2003,128
COL,2004,41
COL,2005,49
COL,2006,53
COL,2007,26
COL,2008,43
COL,2009,20
COL,2010,20
COL,2011,20
COL,2012,17
COL,2013,21
COL,2014,20
COL,2015,18
COL,2016,18
COL,2017,32
COL,2018,35
COL,2019,50
COL,2020,47
COL,2021,80
COL,2022,151
COL,2023,159
COM,1960,162
COM,1961,162
COM,1962,162
COM,1963,162
COM,1964,162
COM,1965,162
COM,1966,162
COM,1967,162
COM,1968,162
COM,1969,162
COM,1970,158
COM,1971,130
COM,1972,144
COM,1973,133
COM,1974,143
COM,1975,152
COM,1976,154
COM,1977,156
COM,1978,158
COM,1979,156
COM,1980,151
COM,1981,127
COM,1982,158
COM,1983,148
COM,1984,149
COM,1985,149
COM,1986,115
COM,1987,113
COM,1988,148
COM,1989,148
COM,1990,130
COM,1991,136
COM,1992,112
COM,1993,127
COM,1994,113
COM,1995,144
COM,1996,137
COM,1997,144
COM,1998,122
COM,1999,84
COM,2000,100
COM,2001,143
COM,2002,92
COM,2003,86
COM,2004,100
COM,2005,143
COM,2006,143
COM,2007,111
COM,2008,114
COM,2009,137
COM,2010,137
COM,2011,108
COM,2012,122
COM,2013,59
COM,2014,69
COM,2015,134
COM,2016,139
COM,2017,79
COM,2018,85
COM,2019,143
COM,2020,141
COM,2021,141
COM,2022,142
COM,2023,159
CPV,1960,162
CPV,1961,162
CPV,1962,162
CPV,1963,162
CPV,1964,162
CPV,1965,162
CPV,1966,162
CPV,1967,162
CPV,1968,162
CPV,1969,162
CPV,1970,158
CPV,1971,152
CPV,1972,141
CPV,1973,155
CPV,1974,144
CPV,1975,144
CPV,1976,151
CPV,1977,145
CPV,1978,139
CPV,1979,130
CPV,1980,122
CPV,1981,106
CPV,1982,107
CPV,1983,120
CPV,1984,106
CPV,1985,113
CPV,1986,114
CPV,1987,92
CPV,1988,112
CPV,1989,130
CPV,1990,99
CPV,1991,136
CPV,1992,144
CPV,1993,145
CPV,1994,95
CPV,1995,145
CPV,1996,145
CPV,1997,145
CPV,1998,112
CPV,1999,126
CPV,2000,93
CPV,2001,75
CPV,2002,46
CPV,2003,49
CPV,2004,47
CPV,2005,44
CPV,2006,49
CPV,2007,40
CPV,2008,44
CPV,2009,39
CPV,2010,47
CPV,2011,56
CPV,2012,40
CPV,2013,50
CPV,2014,35
CPV,2015,19
CPV,2016,48
CPV,2017,47
CPV,2018,53
CPV,2019,88
CPV,2020,142
CPV,2021,141
CPV,2022,144
CPV,2023,159
CRI,1960,162
CRI,1961,162
CRI,1962,162
CRI,1963,162
CRI,1964,162
CRI,1965,162
CRI,1966,162
CRI,1967,162
CRI,1968,162
CRI,1969,162
CRI,1970,83
CRI,1971,108
CRI,1972,95
CRI,1973,85
CRI,1974,122
CRI,1975,96
CRI,1976,96
CRI,1977,122
CRI,1978,118
CRI,1979,97
CRI,1980,93
CRI,1981,86
CRI,1982,91
CRI,1983,120
CRI,1984,113
CRI,1985,89
CRI,1986,85
CRI,1987,89
CRI,1988,106
CRI,1989,91
CRI,1990,89
CRI,1991,75
CRI,1992,90
CRI,1993,91
CRI,1994,91
CRI,1995,87
CRI,1996,93
CRI,1997,116
CRI,1998,109
CRI,1999,69
CRI,2000,77
CRI,2001,76
CRI,2002,76
CRI,2003,133
CRI,2004,74
CRI,2005,82
CRI,2006,58
CRI,2007,59
CRI,2008,55
CRI,2009,55
CRI,2010,55
CRI,2011,27
CRI,2012,55
CRI,2013,27
CRI,2014,20
CRI,2015,20
CRI,2016,22
CRI,2017,36
CRI,2018,24
CRI,2019,74
CRI,2020,60
CRI,2021,87
CRI,2022,151
CRI,2023,159
CUB,1960,162
CUB,1961,162
CUB,1962,162
CUB,1963,162
CUB,1964,162
CUB,1965,162
CUB,1966,162
CUB,1967,162
CUB,1968,162
CUB,1969,162
CUB,1970,158
CUB,1971,112
CUB,1972,92
CUB,1973,99
CUB,1974,98
CUB,1975,117
CUB,1976,126
CUB,1977,124
CUB,1978,127
CUB,1979,107
CUB,1980,103
CUB,1981,100
CUB,1982,101
CUB,1983,101
CUB,1984,101
CUB,1985,101
CUB,1986,95
CUB,1987,95
CUB,1988,95
CUB,1989,95
CUB,1990,87
CUB,1991,78
CUB,1992,82
CUB,1993,84
CUB,1994,79
CUB,1995,90
CUB,1996,90
CUB,1997,94
CUB,1998,102
CUB,1999,47
CUB,2000,43
CUB,2001,47
CUB,2002,28
CUB,2003,51
CUB,2004,45
CUB,2005,39
CUB,2006,37
CUB,2007,39
CUB,2008,41
CUB,2009,41
CUB,2010,41
CUB,2011,50
CUB,2012,21
CUB,2013,50
CUB,2014,52
CUB,2015,49
CUB,2016,49
CUB,2017,50
CUB,2018,53
CUB,2019,72
CUB,2020,86
CUB,2021,79
CUB,2022,111
CUB,2023,159
CUW,1960,162
CUW,1961,162
CUW,1962,162
CUW,1963,162
CUW,1964,162
CUW,1965,162
CUW,1966,162
CUW,1967,162
CUW,1968,162
CUW,1969,162
CUW,1970,162
CUW,1971,162
CUW,1972,162
CUW,1973,162
CUW,1974,162
CUW,1975,162
CUW,1976,162
CUW,1977,162
CUW,1978,162
CUW,1979,162
CUW,1980,162
CUW,1981,162
CUW,1982,162
CUW,1983,162
CUW,1984,162
CUW,1985,162
CUW,1986,162
CUW,1987,162
CUW,1988,162
CUW,1989,162
CUW,1990,162
CUW,1991,162
CUW,1992,162
CUW,1993,162
CUW,1994,162
CUW,1995,162
CUW,1996,162
CUW,1997,162
CUW,1998,161
CUW,1999,156
CUW,2000,156
CUW,2001,156
CUW,2002,156
CUW,2003,156
CUW,2004,156
CUW,2005,156
CUW,2006,156
CUW,2007,156
CUW,2008,156
CUW,2009,156
CUW,2010,153
CUW,2011,153
CUW,2012,151
CUW,2013,121
CUW,2014,153
CUW,2015,151
CUW,2016,151
CUW,2017,153
CUW,2018,152
CUW,2019,152
CUW,2020,119
CUW,2021,151
CUW,2022,152
CUW,2023,164
CYM,1960,162
CYM,1961,162
CYM,1962,162
CYM,1963,162
CYM,1964,162
CYM,1965,162
CYM,1966,162
CYM,1967,162
CYM,1968,162
CYM,1969,162
CYM,1970,152
CYM,1971,157
CYM,1972,142
CYM,1973,142
CYM,1974,138
CYM,1975,140
CYM,1976,137
CYM,1977,134
CYM,1978,151
CYM,1979,151
CYM,1980,131
CYM,1981,138
CYM,1982,157
CYM,1983,157
CYM,1984,157
CYM,1985,157
CYM,1986,157
CYM,1987,157
CYM,1988,157
CYM,1989,148
CYM,1990,157
CYM,1991,157
CYM,1992,157
CYM,1993,157
CYM,1994,157
CYM,1995,157
CYM,1996,158
CYM,1997,158
CYM,1998,157
CYM,1999,91
CYM,2000,89
CYM,2001,90
CYM,2002,96
CYM,2003,156
CYM,2004,73
CYM,2005,75
CYM,2006,64
CYM,2007,80
CYM,2008,87
CYM,2009,157
CYM,2010,152
CYM,2011,94
CYM,2012,90
CYM,2013,112
CYM,2014,122
CYM,2015,116
CYM,2016,143
CYM,2017,133
CYM,2018,98
CYM,2019,138
CYM,2020,117
CYM,2021,141
CYM,2022,154
CYM,2023,164
CYP,1960,162
CYP,1961,162
CYP,1962,162
CYP,1963,162
CYP,1964,162
CYP,1965,162
CYP,1966,162
CYP,1967,162
CYP,1968,162
CYP,1969,162
CYP,1970,155
CYP,1971,103
CYP,1972,103
CYP,1973,103
CYP,1974,103
CYP,1975,104
CYP,1976,104
CYP,1977,104
CYP,1978,103
CYP,1979,103
CYP,1980,103
CYP,1981,102
CYP,1982,102
CYP,1983,106
CYP,1984,108
CYP,1985,108
CYP,1986,108
CYP,1987,108
CYP,1988,111
CYP,1989,108
CYP,1990,108
CYP,1991,98
CYP,1992,79
CYP,1993,95
CYP,1994,92
CYP,1995,97
CYP,1996,101
CYP,1997,104
CYP,1998,143
CYP,1999,86
CYP,2000,53
CYP,2001,48
CYP,2002,48
CYP,2003,49
CYP,2004,38
CYP,2005,42
CYP,2006,40
CYP,2007,40
CYP,2008,50
CYP,2009,50
CYP,2010,50
CYP,2011,43
CYP,2012,46
CYP,2013,32
CYP,2014,26
CYP,2015,25
CYP,2016,27
CYP,2017,53
CYP,2018,63
CYP,2019,79
CYP,2020,57
CYP,2021,90
CYP,2022,151
CYP,2023,159
CZE,1960,162
CZE,1961,162
CZE,1962,162
CZE,1963,162
CZE,1964,162
CZE,1965,162
CZE,1966,162
CZE,1967,162
CZE,1968,162
CZE,1969,162
CZE,1970,158
CZE,1971,128
CZE,1972,128
CZE,1973,128
CZE,1974,128
CZE,1975,128
CZE,1976,128
CZE,1977,128
CZE,1978,128
CZE,1979,128
CZE,1980,137
CZE,1981,141
CZE,1982,128
CZE,1983,128
CZE,1984,128
CZE,1985,128
CZE,1986,128
CZE,1987,128
CZE,1988,128
CZE,1989,128
CZE,1990,120
CZE,1991,109
CZE,1992,112
CZE,1993,94
CZE,1994,92
CZE,1995,98
CZE,1996,91
CZE,1997,118
CZE,1998,105
CZE,1999,75
CZE,2000,82
CZE,2001,70
CZE,2002,71
CZE,2003,73
CZE,2004,70
CZE,2005,72
CZE,2006,57
CZE,2007,52
CZE,2008,49
CZE,2009,48
CZE,2010,49
CZE,2011,42
CZE,2012,42
CZE,2013,37
CZE,2014,39
CZE,2015,43
CZE,2016,43
CZE,2017,52
CZE,2018,96
CZE,2019,75
CZE,2020,96
CZE,2021,112
CZE,2022,151
CZE,2023,159
DEU,1960,162
DEU,1961,162
DEU,1962,162
DEU,1963,162
DEU,1964,162
DEU,1965,162
DEU,1966,162
DEU,1967,162
DEU,1968,162
DEU,1969,162
DEU,1970,158
DEU,1971,158
DEU,1972,158
DEU,1973,158
DEU,1974,158
DEU,1975,158
DEU,1976,158
DEU,1977,158
DEU,1978,158
DEU,1979,158
DEU,1980,158
DEU,1981,158
DEU,1982,158
DEU,1983,158
DEU,1984,158
DEU,1985,158
DEU,1986,158
DEU,1987,158
DEU,1988,158
DEU,1989,158
DEU,1990,150
DEU,1991,137
DEU,1992,123
DEU,1993,85
DEU,1994,87
DEU,1995,87
DEU,1996,86
DEU,1997,95
DEU,1998,110
DEU,1999,91
DEU,2000,90
DEU,2001,89
DEU,2002,77
DEU,2003,78
DEU,2004,66
DEU,2005,66
DEU,2006,56
DEU,2007,58
DEU,2008,64
DEU,2009,61
DEU,2010,61
DEU,2011,61
DEU,2012,55
DEU,2013,45
DEU,2014,36
DEU,2015,36
DEU,2016,34
DEU,2017,73
DEU,2018,75
DEU,2019,99
DEU,2020,75
DEU,2021,106
DEU,2022,151
DEU,2023,159
DJI,1960,162
DJI,1961,162
DJI,1962,162
DJI,1963,162
DJI,1964,162
DJI,1965,162
DJI,1966,162
DJI,1967,162
DJI,1968,162
DJI,1969,162
DJI,1970,154
DJI,1971,131
DJI,1972,124
DJI,1973,115
DJI,1974,112
DJI,1975,114
DJI,1976,115
DJI,1977,153
DJI,1978,153
DJI,1979,145
DJI,1980,149
DJI,1981,143
DJI,1982,136
DJI,1983,136
DJI,1984,136
DJI,1985,111
DJI,1986,104
DJI,1987,105
DJI,1988,106
DJI,1989,113
DJI,1990,110
DJI,1991,114
DJI,1992,94
DJI,1993,97
DJI,1994,94
DJI,1995,101
DJI,1996,88
DJI,1997,92
DJI,1998,131
DJI,1999,67
DJI,2000,79
DJI,2001,81
DJI,2002,77
DJI,2003,131
DJI,2004,81
DJI,2005,76
DJI,2006,68
DJI,2007,72
DJI,2008,72
DJI,2009,79
DJI,2010,132
DJI,2011,65
DJI,2012,92
DJI,2013,84
DJI,2014,76
DJI,2015,59
DJI,2016,73
DJI,2017,67
DJI,2018,76
DJI,2019,82
DJI,2020,101
DJI,2021,101
DJI,2022,121
DJI,2023,159
DMA,1960,162
DMA,1961,162
DMA,1962,162
DMA,1963,162
DMA,1964,162
DMA,1965,162
DMA,1966,162
DMA,1967,162
DMA,1968,162
DMA,1969,162
DMA,1970,152
DMA,1971,152
DMA,1972,148
DMA,1973,133
DMA,1974,129
DMA,1975,118
DMA,1976,122
DMA,1977,115
DMA,1978,141
DMA,1979,122
DMA,1980,135
DMA,1981,123
DMA,1982,135
DMA,1983,158
DMA,1984,140
DMA,1985,154
DMA,1986,138
DMA,1987,138
DMA,1988,136
DMA,1989,148
DMA,1990,129
DMA,1991,128
DMA,1992,128
DMA,1993,134
DMA,1994,139
DMA,1995,140
DMA,1996,150
DMA,1997,150
DMA,1998,145
DMA,1999,76
DMA,2000,76
DMA,2001,62
DMA,2002,82
DMA,2003,68
DMA,2004,69
DMA,2005,76
DMA,2006,66
DMA,2007,64
DMA,2008,68
DMA,2009,56
DMA,2010,78
DMA,2011,68
DMA,2012,91
DMA,2013,107
DMA,2014,77
DMA,2015,74
DMA,2016,88
DMA,2017,141
DMA,2018,146
DMA,2019,105
DMA,2020,108
DMA,2021,107
DMA,2022,154
DMA,2023,164
DNK,1960,162
DNK,1961,162
DNK,1962,162
DNK,1963,162
DNK,1964,162
DNK,1965,162
DNK,1966,162
DNK,1967,162
DNK,1968,162
DNK,1969,162
DNK,1970,156
DNK,1971,123
DNK,1972,123
DNK,1973,124
DNK,1974,128
DNK,1975,139
DNK,1976,138
DNK,1977,134
DNK,1978,124
DNK,1979,127
DNK,1980,123
DNK,1981,103
DNK,1982,103
DNK,1983,103
DNK,1984,103
DNK,1985,99
DNK,1986,95
DNK,1987,95
DNK,1988,100
DNK,1989,102
DNK,1990,96
DNK,1991,82
DNK,1992,87
DNK,1993,77
DNK,1994,74
DNK,1995,79
DNK,1996,97
DNK,1997,144
DNK,1998,64
DNK,1999,67
DNK,2000,61
DNK,2001,68
DNK,2002,84
DNK,2003,101
DNK,2004,61
DNK,2005,67
DNK,2006,71
DNK,2007,58
DNK,2008,59
DNK,2009,53
DNK,2010,61
DNK,2011,56
DNK,2012,52
DNK,2013,52
DNK,2014,34
DNK,2015,56
DNK,2016,53
DNK,2017,76
DNK,2018,69
DNK,2019,90
DNK,2020,69
DNK,2021,106
DNK,2022,151
DNK,2023,159
DOM,1960,162
DOM,1961,162
DOM,1962,162
DOM,1963,162
DOM,1964,162
DOM,1965,162
DOM,1966,162
DOM,1967,162
DOM,1968,162
DOM,1969,162
DOM,1970,142
DOM,1971,127
DOM,1972,136
DOM,1973,139
DOM,1974,149
DOM,1975,145
DOM,1976,149
DOM,1977,151
DOM,1978,151
DOM,1979,151
DOM,1980,151
DOM,1981,140
DOM,1982,146
DOM,1983,142
DOM,1984,146
DOM,1985,142
DOM,1986,143
DOM,1987,157
DOM,1988,158
DOM,1989,158
DOM,1990,150
DOM,1991,142
DOM,1992,142
DOM,1993,134
DOM,1994,127
DOM,1995,132
DOM,1996,137
DOM,1997,132
DOM,1998,109
DOM,1999,66
DOM,2000,61
DOM,2001,124
DOM,2002,56
DOM,2003,92
DOM,2004,50
DOM,2005,47
DOM,2006,69
DOM,2007,31
DOM,2008,46
DOM,2009,49
DOM,2010,33
DOM,2011,27
DOM,2012,24
DOM,2013,23
DOM,2014,35
DOM,2015,22
DOM,2016,23
DOM,2017,37
DOM,2018,49
DOM,2019,77
DOM,2020,76
DOM,2021,70
DOM,2022,107
DOM,2023,159
DZA,1960,162
DZA,1961,162
DZA,1962,162
DZA,1963,162
DZA,1964,162
DZA,1965,162
DZA,1966,162
DZA,1967,162
DZA,1968,162
DZA,1969,162
DZA,1970,158
DZA,1971,117
DZA,1972,119
DZA,1973,104
DZA,1974,104
DZA,1975,100
DZA,1976,100
DZA,1977,101
DZA,1978,101
DZA,1979,97
DZA,1980,100
DZA,1981,102
DZA,1982,102
DZA,1983,110
DZA,1984,93
DZA,1985,100
DZA,1986,103
DZA,1987,94
DZA,1988,99
DZA,1989,97
DZA,1990,87
DZA,1991,83
DZA,1992,82
DZA,1993,78
DZA,1994,77
DZA,1995,70
DZA,1996,71
DZA,1997,82
DZA,1998,129
DZA,1999,74
DZA,2000,75
DZA,2001,74
DZA,2002,69
DZA,2003,72
DZA,2004,71
DZA,2005,69
DZA,2006,50
DZA,2007,67
DZA,2008,65
DZA,2009,80
DZA,2010,79
DZA,2011,79
DZA,2012,96
DZA,2013,94
DZA,2014,91
DZA,2015,90
DZA,2016,94
DZA,2017,94
DZA,2018,88
DZA,2019,104
DZA,2020,117
DZA,2021,109
DZA,2022,119
DZA,2023,159
ECU,1960,162
ECU,1961,162
ECU,1962,162
ECU,1963,162
ECU,1964,162
ECU,1965,162
ECU,1966,162
ECU,1967,162
ECU,1968,162
ECU,1969,162
ECU,1970,154
ECU,1971,84
ECU,1972,111
ECU,1973,97
ECU,1974,87
ECU,1975,92
ECU,1976,92
ECU,1977,90
ECU,1978,94
ECU,1979,92
ECU,1980,98
ECU,1981,123
ECU,1982,108
ECU,1983,121
ECU,1984,113
ECU,1985,121
ECU,1986,126
ECU,1987,115
ECU,1988,116
ECU,1989,151
ECU,1990,121
ECU,1991,135
ECU,1992,137
ECU,1993,107
ECU,1994,96
ECU,1995,93
ECU,1996,90
ECU,1997,104
ECU,1998,77
ECU,1999,65
ECU,2000,46
ECU,2001,35
ECU,2002,55
ECU,2003,42
ECU,2004,69
ECU,2005,38
ECU,2006,38
ECU,2007,42
ECU,2008,77
ECU,2009,46
ECU,2010,46
ECU,2011,46
ECU,2012,39
ECU,2013,50
ECU,2014,48
ECU,2015,41
ECU,2016,51
ECU,2017,47
ECU,2018,55
ECU,2019,70
ECU,2020,50
ECU,2021,57
ECU,2022,77
ECU,2023,159
EGY,1960,162
EGY,1961,162
EGY,1962,162
EGY,1963,162
EGY,1964,162
EGY,1965,162
EGY,1966,162
EGY,1967,162
EGY,1968,162
EGY,1969,162
EGY,1970,158
EGY,1971,98
EGY,1972,101
EGY,1973,108
EGY,1974,118
EGY,1975,113
EGY,1976,102
EGY,1977,112
EGY,1978,107
EGY,1979,117
EGY,1980,118
EGY,1981,123
EGY,1982,120
EGY,1983,119
EGY,1984,128
EGY,1985,136
EGY,1986,101
EGY,1987,122
EGY,1988,124
EGY,1989,128
EGY,1990,117
EGY,1991,114
EGY,1992,115
EGY,1993,115
EGY,1994,90
EGY,1995,115
EGY,1996,101
EGY,1997,93
EGY,1998,139
EGY,1999,83
EGY,2000,84
EGY,2001,77
EGY,2002,80
EGY,2003,65
EGY,2004,75
EGY,2005,96
EGY,2006,88
EGY,2007,112
EGY,2008,133
EGY,2009,82
EGY,2010,92
EGY,2011,106
EGY,2012,89
EGY,2013,96
EGY,2014,90
EGY,2015,137
EGY,2016,49
EGY,2017,42
EGY,2018,56
EGY,2019,86
EGY,2020,87
EGY,2021,98
EGY,2022,129
EGY,2023,159
ERI,1960,162
ERI,1961,162
ERI,1962,162
ERI,1963,162
ERI,1964,162
ERI,1965,162
ERI,1966,162
ERI,1967,162
ERI,1968,162
ERI,1969,162
ERI,1970,158
ERI,1971,158
ERI,1972,158
ERI,1973,158
ERI,1974,158
ERI,1975,158
ERI,1976,158
ERI,1977,158
ERI,1978,158
ERI,1979,158
ERI,1980,158
ERI,1981,158
ERI,1982,158
ERI,1983,158
ERI,1984,158
ERI,1985,158
ERI,1986,158
ERI,1987,158
ERI,1988,158
ERI,1989,146
ERI,1990,138
ERI,1991,133
ERI,1992,111
ERI,1993,104
ERI,1994,74
ERI,1995,68
ERI,1996,67
ERI,1997,81
ERI,1998,137
ERI,1999,44
ERI,2000,42
ERI,2001,39
ERI,2002,31
ERI,2003,51
ERI,2004,34
ERI,2005,53
ERI,2006,49
ERI,2007,55
ERI,2008,56
ERI,2009,47
ERI,2010,46
ERI,2011,54
ERI,2012,55
ERI,2013,63
ERI,2014,64
ERI,2015,66
ERI,2016,118
ERI,2017,63
ERI,2018,62
ERI,2019,106
ERI,2020,143
ERI,2021,143
ERI,2022,151
ERI,2023,159
ESP,1960,162
ESP,1961,162
ESP,1962,162
ESP,1963,162
ESP,1964,162
ESP,1965,162
ESP,1966,162
ESP,1967,162
ESP,1968,162
ESP,1969,162
ESP,1970,142
ESP,1971,109
ESP,1972,110
ESP,1973,109
ESP,1974,128
ESP,1975,117
ESP,1976,113
ESP,1977,114
ESP,1978,106
ESP,1979,106
ESP,1980,110
ESP,1981,72
ESP,1982,102
ESP,1983,95
ESP,1984,95
ESP,1985,98
ESP,1986,83
ESP,1987,95
ESP,1988,91
ESP,1989,90
ESP,1990,88
ESP,1991,86
ESP,1992,92
ESP,1993,83
ESP,1994,86
ESP,1995,96
ESP,1996,99
ESP,1997,112
ESP,1998,108
ESP,1999,85
ESP,2000,87
ESP,2001,81
ESP,2002,70
ESP,2003,70
ESP,2004,42
ESP,2005,42
ESP,2006,39
ESP,2007,42
ESP,2008,29
ESP,2009,28
ESP,2010,32
ESP,2011,28
ESP,2012,30
ESP,2013,36
ESP,2014,18
ESP,2015,15
ESP,2016,0
ESP,2017,42
ESP,2018,44
ESP,2019,75
ESP,2020,44
ESP,2021,91
ESP,2022,151
ESP,2023,159
EST,1960,162
EST,1961,162
EST,1962,162
EST,1963,162
EST,1964,162
EST,1965,162
EST,1966,162
EST,1967,162
EST,1968,162
EST,1969,162
EST,1970,158
EST,1971,158
EST,1972,158
EST,1973,158
EST,1974,158
EST,1975,158
EST,1976,158
EST,1977,158
EST,1978,158
EST,1979,158
EST,1980,158
EST,1981,148
EST,1982,149
EST,1983,149
EST,1984,149
EST,1985,149
EST,1986,145
EST,1987,149
EST,1988,148
EST,1989,128
EST,1990,136
EST,1991,129
EST,1992,119
EST,1993,109
EST,1994,106
EST,1995,77
EST,1996,81
EST,1997,120
EST,1998,76
EST,1999,65
EST,2000,51
EST,2001,66
EST,2002,81
EST,2003,79
EST,2004,73
EST,2005,80
EST,2006,76
EST,2007,70
EST,2008,66
EST,2009,66
EST,2010,65
EST,2011,58
EST,2012,68
EST,2013,54
EST,2014,54
EST,2015,54
EST,2016,44
EST,2017,53
EST,2018,84
EST,2019,90
EST,2020,69
EST,2021,99
EST,2022,151
EST,2023,159
ETH,1960,162
ETH,1961,162
ETH,1962,162
ETH,1963,162
ETH,1964,162
ETH,1965,162
ETH,1966,162
ETH,1967,162
ETH,1968,162
ETH,1969,162
ETH,1970,158
ETH,1971,124
ETH,1972,124
ETH,1973,137
ETH,1974,126
ETH,1975,147
ETH,1976,147
ETH,1977,143
ETH,1978,142
ETH,1979,139
ETH,1980,137
ETH,1981,134
ETH,1982,127
ETH,1983,133
ETH,1984,125
ETH,1985,137
ETH,1986,119
ETH,1987,99
ETH,1988,100
ETH,1989,109
ETH,1990,130
ETH,1991,110
ETH,1992,116
ETH,1993,102
ETH,1994,65
ETH,1995,72
ETH,1996,82
ETH,1997,114
ETH,1998,97
ETH,1999,70
ETH,2000,67
ETH,2001,75
ETH,2002,75
ETH,2003,79
ETH,2004,67
ETH,2005,67
ETH,2006,81
ETH,2007,56
ETH,2008,49
ETH,2009,44
ETH,2010,50
ETH,2011,34
ETH,2012,68
ETH,2013,113
ETH,2014,66
ETH,2015,70
ETH,2016,110
ETH,2017,117
ETH,2018,129
ETH,2019,121
ETH,2020,124
ETH,2021,118
ETH,2022,131
ETH,2023,159
FIN,1960,162
FIN,1961,162
FIN,1962,162
FIN,1963,162
FIN,1964,162
FIN,1965,162
FIN,1966,162
FIN,1967,162
FIN,1968,162
FIN,1969,162
FIN,1970,154
FIN,1971,125
FIN,1972,120
FIN,1973,120
FIN,1974,120
FIN,1975,128
FIN,1976,133
FIN,1977,133
FIN,1978,133
FIN,1979,121
FIN,1980,129
FIN,1981,129
FIN,1982,129
FIN,1983,129
FIN,1984,129
FIN,1985,126
FIN,1986,123
FIN,1987,111
FIN,1988,111
FIN,1989,110
FIN,1990,96
FIN,1991,94
FIN,1992,97
FIN,1993,77
FIN,1994,80
FIN,1995,81
FIN,1996,82
FIN,1997,82
FIN,1998,76
FIN,1999,59
FIN,2000,60
FIN,2001,59
FIN,2002,55
FIN,2003,49
FIN,2004,52
FIN,2005,46
FIN,2006,54
FIN,2007,48
FIN,2008,49
FIN,2009,46
FIN,2010,46
FIN,2011,44
FIN,2012,37
FIN,2013,33
FIN,2014,33
FIN,2015,45
FIN,2016,49
FIN,2017,42
FIN,2018,90
FIN,2019,72
FIN,2020,90
FIN,2021,106
FIN,2022,151
FIN,2023,159
FJI,1960,162
FJI,1961,162
FJI,1962,162
FJI,1963,162
FJI,1964,162
FJI,1965,162
FJI,1966,162
FJI,1967,162
FJI,1968,162
FJI,1969,162
FJI,1970,137
FJI,1971,140
FJI,1972,130
FJI,1973,130
FJI,1974,127
FJI,1975,128
FJI,1976,123
FJI,1977,130
FJI,1978,131
FJI,1979,126
FJI,1980,115
FJI,1981,117
FJI,1982,155
FJI,1983,112
FJI,1984,117
FJI,1985,112
FJI,1986,109
FJI,1987,139
FJI,1988,158
FJI,1989,152
FJI,1990,146
FJI,1991,118
FJI,1992,99
FJI,1993,145
FJI,1994,105
FJI,1995,105
FJI,1996,90
FJI,1997,105
FJI,1998,84
FJI,1999,78
FJI,2000,74
FJI,2001,74
FJI,2002,94
FJI,2003,81
FJI,2004,68
FJI,2005,138
FJI,2006,91
FJI,2007,81
FJI,2008,73
FJI,2009,89
FJI,2010,141
FJI,2011,66
FJI,2012,69
FJI,2013,102
FJI,2014,118
FJI,2015,87
FJI,2016,98
FJI,2017,108
FJI,2018,119
FJI,2019,107
FJI,2020,110
FJI,2021,97
FJI,2022,125
FJI,2023,159
FRA,1960,162
FRA,1961,162
FRA,1962,162
FRA,1963,162
FRA,1964,162
FRA,1965,162
FRA,1966,162
FRA,1967,162
FRA,1968,162
FRA,1969,162
FRA,1970,154
FRA,1971,98
FRA,1972,104
FRA,1973,125
FRA,1974,121
FRA,1975,124
FRA,1976,123
FRA,1977,106
FRA,1978,124
FRA,1979,101
FRA,1980,102
FRA,1981,126
FRA,1982,107
FRA,1983,110
FRA,1984,141
FRA,1985,104
FRA,1986,98
FRA,1987,106
FRA,1988,106
FRA,1989,101
FRA,1990,90
FRA,1991,98
FRA,1992,94
FRA,1993,91
FRA,1994,90
FRA,1995,90
FRA,1996,91
FRA,1997,95
FRA,1998,110
FRA,1999,78
FRA,2000,78
FRA,2001,80
FRA,2002,82
FRA,2003,79
FRA,2004,64
FRA,2005,73
FRA,2006,86
FRA,2007,71
FRA,2008,63
FRA,2009,63
FRA,2010,63
FRA,2011,61
FRA,2012,61
FRA,2013,61
FRA,2014,64
FRA,2015,64
FRA,2016,62
FRA,2017,71
FRA,2018,106
FRA,2019,82
FRA,2020,109
FRA,2021,121
FRA,2022,151
FRA,2023,159
FRO,1960,162
FRO,1961,162
FRO,1962,162
FRO,1963,162
FRO,1964,162
FRO,1965,162
FRO,1966,162
FRO,1967,162
FRO,1968,162
FRO,1969,162
FRO,1970,162
FRO,1971,158
FRO,1972,162
FRO,1973,162
FRO,1974,162
FRO,1975,162
FRO,1976,162
FRO,1977,162
FRO,1978,162
FRO,1979,162
FRO,1980,162
FRO,1981,162
FRO,1982,162
FRO,1983,162
FRO,1984,162
FRO,1985,162
FRO,1986,162
FRO,1987,162
FRO,1988,162
FRO,1989,162
FRO,1990,162
FRO,1991,162
FRO,1992,162
FRO,1993,162
FRO,1994,162
FRO,1995,162
FRO,1996,162
FRO,1997,162
FRO,1998,162
FRO,1999,162
FRO,2000,162
FRO,2001,162
FRO,2002,162
FRO,2003,162
FRO,2004,162
FRO,2005,162
FRO,2006,162
FRO,2007,162
FRO,2008,162
FRO,2009,162
FRO,2010,161
FRO,2011,161
FRO,2012,161
FRO,2013,161
FRO,2014,161
FRO,2015,161
FRO,2016,161
FRO,2017,161
FRO,2018,161
FRO,2019,161
FRO,2020,161
FRO,2021,161
FRO,2022,161
FRO,2023,164
FSM,1960,162
FSM,1961,162
FSM,1962,162
FSM,1963,162
FSM,1964,162
FSM,1965,162
FSM,1966,162
FSM,1967,162
FSM,1968,162
FSM,1969,162
FSM,1970,158
FSM,1971,142
FSM,1972,138
FSM,1973,140
FSM,1974,140
FSM,1975,147
FSM,1976,138
FSM,1977,141
FSM,1978,148
FSM,1979,144
FSM,1980,152
FSM,1981,153
FSM,1982,152
FSM,1983,157
FSM,1984,158
FSM,1985,158
FSM,1986,158
FSM,1987,158
FSM,1988,158
FSM,1989,158
FSM,1990,150
FSM,1991,150
FSM,1992,150
FSM,1993,150
FSM,1994,150
FSM,1995,150
FSM,1996,150
FSM,1997,150
FSM,1998,150
FSM,1999,144
FSM,2000,145
FSM,2001,149
FSM,2002,149
FSM,2003,149
FSM,2004,136
FSM,2005,136
FSM,2006,149
FSM,2007,141
FSM,2008,149
FSM,2009,149
FSM,2010,149
FSM,2011,149
FSM,2012,147
FSM,2013,122
FSM,2014,95
FSM,2015,92
FSM,2016,108
FSM,2017,115
FSM,2018,107
FSM,2019,102
FSM,2020,102
FSM,2021,105
FSM,2022,134
FSM,2023,164
GAB,1960,162
GAB,1961,162
GAB,1962,162
GAB,1963,162
GAB,1964,162
GAB,1965,162
GAB,1966,162
GAB,1967,162
GAB,1968,162
GAB,1969,162
GAB,1970,158
GAB,1971,117
GAB,1972,108
GAB,1973,121
GAB,1974,130
GAB,1975,119
GAB,1976,120
GAB,1977,120
GAB,1978,118
GAB,1979,117
GAB,1980,116
GAB,1981,120
GAB,1982,120
GAB,1983,110
GAB,1984,116
GAB,1985,129
GAB,1986,123
GAB,1987,107
GAB,1988,113
GAB,1989,122
GAB,1990,146
GAB,1991,145
GAB,1992,116
GAB,1993,138
GAB,1994,132
GAB,1995,102
GAB,1996,111
GAB,1997,99
GAB,1998,139
GAB,1999,109
GAB,2000,141
GAB,2001,113
GAB,2002,117
GAB,2003,117
GAB,2004,143
GAB,2005,143
GAB,2006,143
GAB,2007,143
GAB,2008,143
GAB,2009,143
GAB,2010,136
GAB,2011,120
GAB,2012,129
GAB,2013,136
GAB,2014,136
GAB,2015,141
GAB,2016,141
GAB,2017,141
GAB,2018,141
GAB,2019,95
GAB,2020,141
GAB,2021,141
GAB,2022,142
GAB,2023,159
GBR,1960,162
GBR,1961,162
GBR,1962,162
GBR,1963,162
GBR,1964,162
GBR,1965,162
GBR,1966,162
GBR,1967,162
GBR,1968,162
GBR,1969,162
GBR,1970,158
GBR,1971,106
GBR,1972,109
GBR,1973,109
GBR,1974,109
GBR,1975,109
GBR,1976,106
GBR,1977,109
GBR,1978,113
GBR,1979,113
GBR,1980,115
GBR,1981,113
GBR,1982,108
GBR,1983,109
GBR,1984,109
GBR,1985,113
GBR,1986,112
GBR,1987,108
GBR,1988,111
GBR,1989,112
GBR,1990,104
GBR,1991,92
GBR,1992,95
GBR,1993,120
GBR,1994,116
GBR,1995,117
GBR,1996,115
GBR,1997,119
GBR,1998,92
GBR,1999,80
GBR,2000,79
GBR,2001,79
GBR,2002,77
GBR,2003,79
GBR,2004,73
GBR,2005,77
GBR,2006,69
GBR,2007,71
GBR,2008,71
GBR,2009,64
GBR,2010,64
GBR,2011,60
GBR,2012,71
GBR,2013,53
GBR,2014,57
GBR,2015,75
GBR,2016,72
GBR,2017,40
GBR,2018,91
GBR,2019,91
GBR,2020,70
GBR,2021,110
GBR,2022,151
GBR,2023,159
GEO,1960,162
GEO,1961,162
GEO,1962,162
GEO,1963,162
GEO,1964,162
GEO,1965,162
GEO,1966,162
GEO,1967,162
GEO,1968,162
GEO,1969,162
GEO,1970,158
GEO,1971,158
GEO,1972,158
GEO,1973,158
GEO,1974,158
GEO,1975,158
GEO,1976,158
GEO,1977,158
GEO,1978,158
GEO,1979,158
GEO,1980,158
GEO,1981,127
GEO,1982,158
GEO,1983,158
GEO,1984,158
GEO,1985,158
GEO,1986,132
GEO,1987,158
GEO,1988,158
GEO,1989,158
GEO,1990,150
GEO,1991,114
GEO,1992,121
GEO,1993,119
GEO,1994,118
GEO,1995,93
GEO,1996,87
GEO,1997,92
GEO,1998,126
GEO,1999,91
GEO,2000,69
GEO,2001,88
GEO,2002,63
GEO,2003,84
GEO,2004,84
GEO,2005,83
GEO,2006,91
GEO,2007,94
GEO,2008,57
GEO,2009,66
GEO,2010,114
GEO,2011,95
GEO,2012,62
GEO,2013,72
GEO,2014,39
GEO,2015,71
GEO,2016,40
GEO,2017,42
GEO,2018,62
GEO,2019,77
GEO,2020,102
GEO,2021,106
GEO,2022,89
GEO,2023,159
GHA,1960,162
GHA,1961,162
GHA,1962,162
GHA,1963,162
GHA,1964,162
GHA,1965,162
GHA,1966,162
GHA,1967,162
GHA,1968,162
GHA,1969,162
GHA,1970,149
GHA,1971,107
GHA,1972,128
GHA,1973,124
GHA,1974,105
GHA,1975,106
GHA,1976,110
GHA,1977,115
GHA,1978,116
GHA,1979,116
GHA,1980,116
GHA,1981,117
GHA,1982,122
GHA,1983,134
GHA,1984,132
GHA,1985,135
GHA,1986,139
GHA,1987,124
GHA,1988,124
GHA,1989,131
GHA,1990,122
GHA,1991,110
GHA,1992,116
GHA,1993,129
GHA,1994,128
GHA,1995,126
GHA,1996,139
GHA,1997,139
GHA,1998,144
GHA,1999,56
GHA,2000,48
GHA,2001,44
GHA,2002,55
GHA,2003,59
GHA,2004,76
GHA,2005,46
GHA,2006,47
GHA,2007,45
GHA,2008,36
GHA,2009,45
GHA,2010,93
GHA,2011,54
GHA,2012,59
GHA,2013,45
GHA,2014,41
GHA,2015,58
GHA,2016,64
GHA,2017,39
GHA,2018,55
GHA,2019,72
GHA,2020,93
GHA,2021,97
GHA,2022,144
GHA,2023,159
GIB,1960,162
GIB,1961,162
GIB,1962,162
GIB,1963,162
GIB,1964,162
GIB,1965,162
GIB,1966,162
GIB,1967,162
GIB,1968,162
GIB,1969,162
GIB,1970,158
GIB,1971,145
GIB,1972,129
GIB,1973,133
GIB,1974,129
GIB,1975,129
GIB,1976,129
GIB,1977,129
GIB,1978,118
GIB,1979,118
GIB,1980,134
GIB,1981,121
GIB,1982,117
GIB,1983,133
GIB,1984,129
GIB,1985,129
GIB,1986,158
GIB,1987,158
GIB,1988,158
GIB,1989,158
GIB,1990,158
GIB,1991,158
GIB,1992,158
GIB,1993,158
GIB,1994,158
GIB,1995,158
GIB,1996,158
GIB,1997,147
GIB,1998,157
GIB,1999,110
GIB,2000,109
GIB,2001,108
GIB,2002,156
GIB,2003,156
GIB,2004,156
GIB,2005,156
GIB,2006,156
GIB,2007,156
GIB,2008,117
GIB,2009,117
GIB,2010,156
GIB,2011,156
GIB,2012,156
GIB,2013,156
GIB,2014,156
GIB,2015,156
GIB,2016,88
GIB,2017,96
GIB,2018,156
GIB,2019,132
GIB,2020,125
GIB,2021,129
GIB,2022,129
GIB,2023,164
GIN,1960,162
GIN,1961,162
GIN,1962,162
GIN,1963,162
GIN,1964,162
GIN,1965,162
GIN,1966,162
GIN,1967,162
GIN,1968,162
GIN,1969,162
GIN,1970,158
GIN,1971,132
GIN,1972,147
GIN,1973,147
GIN,1974,147
GIN,1975,143
GIN,1976,141
GIN,1977,135
GIN,1978,137
GIN,1979,141
GIN,1980,138
GIN,1981,127
GIN,1982,130
GIN,1983,118
GIN,1984,100
GIN,1985,91
GIN,1986,85
GIN,1987,95
GIN,1988,104
GIN,1989,89
GIN,1990,83
GIN,1991,75
GIN,1992,103
GIN,1993,90
GIN,1994,104
GIN,1995,124
GIN,1996,95
GIN,1997,125
GIN,1998,98
GIN,1999,85
GIN,2000,95
GIN,2001,88
GIN,2002,85
GIN,2003,64
GIN,2004,60
GIN,2005,55
GIN,2006,54
GIN,2007,84
GIN,2008,44
GIN,2009,72
GIN,2010,61
GIN,2011,49
GIN,2012,60
GIN,2013,57
GIN,2014,30
GIN,2015,88
GIN,2016,55
GIN,2017,117
GIN,2018,65
GIN,2019,91
GIN,2020,94
GIN,2021,96
GIN,2022,149
GIN,2023,159
GMB,1960,162
GMB,1961,162
GMB,1962,162
GMB,1963,162
GMB,1964,162
GMB,1965,162
GMB,1966,162
GMB,1967,162
GMB,1968,162
GMB,1969,162
GMB,1970,158
GMB,1971,103
GMB,1972,116
GMB,1973,94
GMB,1974,107
GMB,1975,107
GMB,1976,104
GMB,1977,103
GMB,1978,101
GMB,1979,101
GMB,1980,104
GMB,1981,105
GMB,1982,111
GMB,1983,101
GMB,1984,95
GMB,1985,90
GMB,1986,99
GMB,1987,124
GMB,1988,145
GMB,1989,124
GMB,1990,130
GMB,1991,129
GMB,1992,95
GMB,1993,94
GMB,1994,116
GMB,1995,100
GMB,1996,91
GMB,1997,127
GMB,1998,107
GMB,1999,83
GMB,2000,82
GMB,2001,88
GMB,2002,93
GMB,2003,85
GMB,2004,81
GMB,2005,85
GMB,2006,87
GMB,2007,79
GMB,2008,80
GMB,2009,107
GMB,2010,64
GMB,2011,73
GMB,2012,68
GMB,2013,51
GMB,2014,66
GMB,2015,52
GMB,2016,94
GMB,2017,82
GMB,2018,67
GMB,2019,94
GMB,2020,79
GMB,2021,90
GMB,2022,117
GMB,2023,159
GNB,1960,162
GNB,1961,162
GNB,1962,162
GNB,1963,162
GNB,1964,162
GNB,1965,162
GNB,1966,162
GNB,1967,162
GNB,1968,162
GNB,1969,162
GNB,1970,158
GNB,1971,133
GNB,1972,137
GNB,1973,150
GNB,1974,154
GNB,1975,153
GNB,1976,134
GNB,1977,147
GNB,1978,129
GNB,1979,113
GNB,1980,117
GNB,1981,88
GNB,1982,88
GNB,1983,112
GNB,1984,100
GNB,1985,119
GNB,1986,158
GNB,1987,98
GNB,1988,113
GNB,1989,133
GNB,1990,150
GNB,1991,145
GNB,1992,139
GNB,1993,139
GNB,1994,139
GNB,1995,139
GNB,1996,139
GNB,1997,139
GNB,1998,137
GNB,1999,141
GNB,2000,65
GNB,2001,139
GNB,2002,143
GNB,2003,143
GNB,2004,141
GNB,2005,137
GNB,2006,129
GNB,2007,143
GNB,2008,143
GNB,2009,143
GNB,2010,81
GNB,2011,134
GNB,2012,134
GNB,2013,134
GNB,2014,133
GNB,2015,143
GNB,2016,143
GNB,2017,143
GNB,2018,143
GNB,2019,143
GNB,2020,143
GNB,2021,143
GNB,2022,144
GNB,2023,159
GNQ,1960,162
GNQ,1961,162
GNQ,1962,162
GNQ,1963,162
GNQ,1964,162
GNQ,1965,162
GNQ,1966,162
GNQ,1967,162
GNQ,1968,162
GNQ,1969,162
GNQ,1970,158
GNQ,1971,139
GNQ,1972,156
GNQ,1973,156
GNQ,1974,148
GNQ,1975,158
GNQ,1976,144
GNQ,1977,158
GNQ,1978,158
GNQ,1979,158
GNQ,1980,153
GNQ,1981,152
GNQ,1982,146
GNQ,1983,154
GNQ,1984,156
GNQ,1985,156
GNQ,1986,158
GNQ,1987,156
GNQ,1988,156
GNQ,1989,156
GNQ,1990,148
GNQ,1991,139
GNQ,1992,143
GNQ,1993,125
GNQ,1994,96
GNQ,1995,143
GNQ,1996,143
GNQ,1997,142
GNQ,1998,139
GNQ,1999,113
GNQ,2000,76
GNQ,2001,107
GNQ,2002,111
GNQ,2003,112
GNQ,2004,141
GNQ,2005,100
GNQ,2006,142
GNQ,2007,143
GNQ,2008,93
GNQ,2009,97
GNQ,2010,87
GNQ,2011,86
GNQ,2012,96
GNQ,2013,143
GNQ,2014,143
GNQ,2015,87
GNQ,2016,137
GNQ,2017,137
GNQ,2018,136
GNQ,2019,136
GNQ,2020,143
GNQ,2021,143
GNQ,2022,151
GNQ,2023,159
GRC,1960,162
GRC,1961,162
GRC,1962,162
GRC,1963,162
GRC,1964,162
GRC,1965,162
GRC,1966,162
GRC,1967,162
GRC,1968,162
GRC,1969,162
GRC,1970,154
GRC,1971,81
GRC,1972,82
GRC,1973,78
GRC,1974,78
GRC,1975,78
GRC,1976,78
GRC,1977,79
GRC,1978,79
GRC,1979,83
GRC,1980,85
GRC,1981,61
GRC,1982,77
GRC,1983,83
GRC,1984,77
GRC,1985,81
GRC,1986,77
GRC,1987,84
GRC,1988,77
GRC,1989,86
GRC,1990,91
GRC,1991,63
GRC,1992,77
GRC,1993,93
GRC,1994,87
GRC,1995,90
GRC,1996,86
GRC,1997,86
GRC,1998,71
GRC,1999,71
GRC,2000,75
GRC,2001,66
GRC,2002,75
GRC,2003,76
GRC,2004,61
GRC,2005,50
GRC,2006,53
GRC,2007,58
GRC,2008,127
GRC,2009,135
GRC,2010,65
GRC,2011,80
GRC,2012,77
GRC,2013,58
GRC,2014,40
GRC,2015,36
GRC,2016,31
GRC,2017,60
GRC,2018,90
GRC,2019,90
GRC,2020,70
GRC,2021,106
GRC,2022,151
GRC,2023,159
GRD,1960,162
GRD,1961,162
GRD,1962,162
GRD,1963,162
GRD,1964,162
GRD,1965,162
GRD,1966,162
GRD,1967,162
GRD,1968,162
GRD,1969,162
GRD,1970,145
GRD,1971,130
GRD,1972,110
GRD,1973,145
GRD,1974,146
GRD,1975,146
GRD,1976,143
GRD,1977,113
GRD,1978,111
GRD,1979,107
GRD,1980,107
GRD,1981,115
GRD,1982,114
GRD,1983,97
GRD,1984,98
GRD,1985,134
GRD,1986,141
GRD,1987,135
GRD,1988,132
GRD,1989,149
GRD,1990,135
GRD,1991,138
GRD,1992,135
GRD,1993,123
GRD,1994,134
GRD,1995,134
GRD,1996,134
GRD,1997,134
GRD,1998,134
GRD,1999,117
GRD,2000,136
GRD,2001,134
GRD,2002,91
GRD,2003,70
GRD,2004,105
GRD,2005,85
GRD,2006,146
GRD,2007,88
GRD,2008,90
GRD,2009,92
GRD,2010,99
GRD,2011,133
GRD,2012,147
GRD,2013,88
GRD,2014,85
GRD,2015,81
GRD,2016,80
GRD,2017,63
GRD,2018,72
GRD,2019,148
GRD,2020,129
GRD,2021,134
GRD,2022,154
GRD,2023,164
GRL,1960,162
GRL,1961,162
GRL,1962,162
GRL,1963,162
GRL,1964,162
GRL,1965,162
GRL,1966,162
GRL,1967,162
GRL,1968,162
GRL,1969,162
GRL,1970,162
GRL,1971,162
GRL,1972,162
GRL,1973,162
GRL,1974,162
GRL,1975,162
GRL,1976,162
GRL,1977,162
GRL,1978,162
GRL,1979,162
GRL,1980,162
GRL,1981,162
GRL,1982,162
GRL,1983,162
GRL,1984,162
GRL,1985,162
GRL,1986,162
GRL,1987,162
GRL,1988,162
GRL,1989,162
GRL,1990,162
GRL,1991,162
GRL,1992,162
GRL,1993,162
GRL,1994,162
GRL,1995,162
GRL,1996,162
GRL,1997,162
GRL,1998,162
GRL,1999,162
GRL,2000,162
GRL,2001,162
GRL,2002,162
GRL,2003,162
GRL,2004,162
GRL,2005,162
GRL,2006,162
GRL,2007,162
GRL,2008,162
GRL,2009,153
GRL,2010,162
GRL,2011,162
GRL,2012,144
GRL,2013,161
GRL,2014,143
GRL,2015,143
GRL,2016,161
GRL,2017,161
GRL,2018,137
GRL,2019,137
GRL,2020,161
GRL,2021,161
GRL,2022,161
GRL,2023,164
GTM,1960,162
GTM,1961,162
GTM,1962,162
GTM,1963,162
GTM,1964,162
GTM,1965,162
GTM,1966,162
GTM,1967,162
GTM,1968,162
GTM,1969,162
GTM,1970,103
GTM,1971,102
GTM,1972,104
GTM,1973,123
GTM,1974,105
GTM,1975,92
GTM,1976,112
GTM,1977,116
GTM,1978,105
GTM,1979,123
GTM,1980,123
GTM,1981,107
GTM,1982,114
GTM,1983,109
GTM,1984,140
GTM,1985,135
GTM,1986,137
GTM,1987,152
GTM,1988,156
GTM,1989,158
GTM,1990,148
GTM,1991,129
GTM,1992,132
GTM,1993,115
GTM,1994,117
GTM,1995,117
GTM,1996,108
GTM,1997,117
GTM,1998,117
GTM,1999,71
GTM,2000,56
GTM,2001,67
GTM,2002,50
GTM,2003,144
GTM,2004,74
GTM,2005,73
GTM,2006,42
GTM,2007,60
GTM,2008,57
GTM,2009,69
GTM,2010,61
GTM,2011,55
GTM,2012,24
GTM,2013,20
GTM,2014,20
GTM,2015,48
GTM,2016,52
GTM,2017,53
GTM,2018,48
GTM,2019,70
GTM,2020,94
GTM,2021,95
GTM,2022,108
GTM,2023,159
GUM,1960,162
GUM,1961,162
GUM,1962,162
GUM,1963,162
GUM,1964,162
GUM,1965,162
GUM,1966,162
GUM,1967,162
GUM,1968,162
GUM,1969,162
GUM,1970,156
GUM,1971,148
GUM,1972,146
GUM,1973,147
GUM,1974,151
GUM,1975,149
GUM,1976,150
GUM,1977,150
GUM,1978,153
GUM,1979,150
GUM,1980,134
GUM,1981,149
GUM,1982,149
GUM,1983,149
GUM,1984,145
GUM,1985,151
GUM,1986,149
GUM,1987,147
GUM,1988,148
GUM,1989,148
GUM,1990,143
GUM,1991,151
GUM,1992,151
GUM,1993,151
GUM,1994,151
GUM,1995,151
GUM,1996,151
GUM,1997,151
GUM,1998,156
GUM,1999,156
GUM,2000,150
GUM,2001,157
GUM,2002,157
GUM,2003,157
GUM,2004,157
GUM,2005,157
GUM,2006,157
GUM,2007,157
GUM,2008,157
GUM,2009,157
GUM,2010,157
GUM,2011,157
GUM,2012,157
GUM,2013,157
GUM,2014,157
GUM,2015,157
GUM,2016,157
GUM,2017,155
GUM,2018,154
GUM,2019,154
GUM,2020,154
GUM,2021,154
GUM,2022,154
GUM,2023,159
GUY,1960,162
GUY,1961,162
GUY,1962,162
GUY,1963,162
GUY,1964,162
GUY,1965,162
GUY,1966,162
GUY,1967,162
GUY,1968,162
GUY,1969,162
GUY,1970,148
GUY,1971,98
GUY,1972,103
GUY,1973,120
GUY,1974,107
GUY,1975,158
GUY,1976,102
GUY,1977,108
GUY,1978,125
GUY,1979,99
GUY,1980,118
GUY,1981,125
GUY,1982,110
GUY,1983,131
GUY,1984,119
GUY,1985,123
GUY,1986,130
GUY,1987,125
GUY,1988,141
GUY,1989,149
GUY,1990,145
GUY,1991,106
GUY,1992,97
GUY,1993,100
GUY,1994,130
GUY,1995,92
GUY,1996,95
GUY,1997,114
GUY,1998,144
GUY,1999,89
GUY,2000,101
GUY,2001,99
GUY,2002,122
GUY,2003,73
GUY,2004,127
GUY,2005,76
GUY,2006,118
GUY,2007,76
GUY,2008,58
GUY,2009,35
GUY,2010,61
GUY,2011,61
GUY,2012,67
GUY,2013,131
GUY,2014,119
GUY,2015,129
GUY,2016,129
GUY,2017,141
GUY,2018,129
GUY,2019,119
GUY,2020,127
GUY,2021,143
GUY,2022,144
GUY,2023,159
HKG,1960,162
HKG,1961,162
HKG,1962,162
HKG,1963,162
HKG,1964,162
HKG,1965,162
HKG,1966,162
HKG,1967,162
HKG,1968,162
HKG,1969,162
HKG,1970,158
HKG,1971,89
HKG,1972,101
HKG,1973,101
HKG,1974,101
HKG,1975,101
HKG,1976,92
HKG,1977,99
HKG,1978,105
HKG,1979,94
HKG,1980,78
HKG,1981,71
HKG,1982,83
HKG,1983,77
HKG,1984,77
HKG,1985,90
HKG,1986,123
HKG,1987,130
HKG,1988,128
HKG,1989,146
HKG,1990,143
HKG,1991,129
HKG,1992,128
HKG,1993,132
HKG,1994,132
HKG,1995,120
HKG,1996,86
HKG,1997,153
HKG,1998,131
HKG,1999,132
HKG,2000,130
HKG,2001,97
HKG,2002,84
HKG,2003,74
HKG,2004,75
HKG,2005,81
HKG,2006,73
HKG,2007,73
HKG,2008,62
HKG,2009,67
HKG,2010,63
HKG,2011,61
HKG,2012,66
HKG,2013,69
HKG,2014,50
HKG,2015,50
HKG,2016,60
HKG,2017,45
HKG,2018,66
HKG,2019,83
HKG,2020,101
HKG,2021,104
HKG,2022,99
HKG,2023,159
HND,1960,162
HND,1961,162
HND,1962,162
HND,1963,162
HND,1964,162
HND,1965,162
HND,1966,162
HND,1967,162
HND,1968,162
HND,1969,162
HND,1970,134
HND,1971,141
HND,1972,141
HND,1973,143
HND,1974,124
HND,1975,133
HND,1976,135
HND,1977,135
HND,1978,128
HND,1979,122
HND,1980,96
HND,1981,143
HND,1982,103
HND,1983,103
HND,1984,104
HND,1985,145
HND,1986,124
HND,1987,156
HND,1988,146
HND,1989,152
HND,1990,132
HND,1991,82
HND,1992,113
HND,1993,93
HND,1994,106
HND,1995,112
HND,1996,116
HND,1997,116
HND,1998,120
HND,1999,123
HND,2000,102
HND,2001,127
HND,2002,143
HND,2003,101
HND,2004,68
HND,2005,81
HND,2006,95
HND,2007,77
HND,2008,79
HND,2009,83
HND,2010,67
HND,2011,67
HND,2012,52
HND,2013,61
HND,2014,64
HND,2015,48
HND,2016,51
HND,2017,80
HND,2018,96
HND,2019,84
HND,2020,115
HND,2021,112
HND,2022,140
HND,2023,159
HRV,1960,162
HRV,1961,162
HRV,1962,162
HRV,1963,162
HRV,1964,162
HRV,1965,162
HRV,1966,162
HRV,1967,162
HRV,1968,162
HRV,1969,162
HRV,1970,158
HRV,1971,158
HRV,1972,158
HRV,1973,158
HRV,1974,158
HRV,1975,158
HRV,1976,158
HRV,1977,158
HRV,1978,158
HRV,1979,158
HRV,1980,156
HRV,1981,152
HRV,1982,156
HRV,1983,154
HRV,1984,156
HRV,1985,154
HRV,1986,152
HRV,1987,154
HRV,1988,154
HRV,1989,154
HRV,1990,144
HRV,1991,126
HRV,1992,143
HRV,1993,120
HRV,1994,112
HRV,1995,99
HRV,1996,89
HRV,1997,95
HRV,1998,79
HRV,1999,48
HRV,2000,72
HRV,2001,35
HRV,2002,55
HRV,2003,57
HRV,2004,130
HRV,2005,77
HRV,2006,80
HRV,2007,74
HRV,2008,67
HRV,2009,63
HRV,2010,67
HRV,2011,55
HRV,2012,78
HRV,2013,76
HRV,2014,78
HRV,2015,75
HRV,2016,74
HRV,2017,90
HRV,2018,101
HRV,2019,101
HRV,2020,100
HRV,2021,105
HRV,2022,151
HRV,2023,159
HTI,1960,162
HTI,1961,162
HTI,1962,162
HTI,1963,162
HTI,1964,162
HTI,1965,162
HTI,1966,162
HTI,1967,162
HTI,1968,162
HTI,1969,162
HTI,1970,158
HTI,1971,142
HTI,1972,152
HTI,1973,154
HTI,1974,152
HTI,1975,154
HTI,1976,146
HTI,1977,143
HTI,1978,129
HTI,1979,115
HTI,1980,123
HTI,1981,104
HTI,1982,91
HTI,1983,107
HTI,1984,108
HTI,1985,105
HTI,1986,106
HTI,1987,126
HTI,1988,153
HTI,1989,153
HTI,1990,145
HTI,1991,136
HTI,1992,133
HTI,1993,133
HTI,1994,133
HTI,1995,133
HTI,1996,132
HTI,1997,105
HTI,1998,134
HTI,1999,144
HTI,2000,144
HTI,2001,144
HTI,2002,144
HTI,2003,137
HTI,2004,144
HTI,2005,144
HTI,2006,137
HTI,2007,144
HTI,2008,144
HTI,2009,144
HTI,2010,144
HTI,2011,144
HTI,2012,140
HTI,2013,143
HTI,2014,141
HTI,2015,141
HTI,2016,134
HTI,2017,129
HTI,2018,141
HTI,2019,141
HTI,2020,141
HTI,2021,141
HTI,2022,149
HTI,2023,159
HUN,1960,162
HUN,1961,162
HUN,1962,162
HUN,1963,162
HUN,1964,162
HUN,1965,162
HUN,1966,162
HUN,1967,162
HUN,1968,162
HUN,1969,162
HUN,1970,143
HUN,1971,121
HUN,1972,121
HUN,1973,121
HUN,1974,121
HUN,1975,117
HUN,1976,109
HUN,1977,110
HUN,1978,110
HUN,1979,110
HUN,1980,91
HUN,1981,109
HUN,1982,109
HUN,1983,109
HUN,1984,109
HUN,1985,109
HUN,1986,109
HUN,1987,109
HUN,1988,109
HUN,1989,109
HUN,1990,92
HUN,1991,109
HUN,1992,107
HUN,1993,127
HUN,1994,101
HUN,1995,102
HUN,1996,92
HUN,1997,68
HUN,1998,63
HUN,1999,58
HUN,2000,58
HUN,2001,41
HUN,2002,64
HUN,2003,64
HUN,2004,64
HUN,2005,49
HUN,2006,58
HUN,2007,60
HUN,2008,60
HUN,2009,51
HUN,2010,48
HUN,2011,48
HUN,2012,42
HUN,2013,27
HUN,2014,30
HUN,2015,27
HUN,2016,26
HUN,2017,72
HUN,2018,99
HUN,2019,93
HUN,2020,69
HUN,2021,99
HUN,2022,151
HUN,2023,159
IDN,1960,162
IDN,1961,162
IDN,1962,162
IDN,1963,162
IDN,1964,162
IDN,1965,162
IDN,1966,162
IDN,1967,162
IDN,1968,162
IDN,1969,162
IDN,1970,129
IDN,1971,105
IDN,1972,96
IDN,1973,121
IDN,1974,102
IDN,1975,108
IDN,1976,101
IDN,1977,118
IDN,1978,109
IDN,1979,152
IDN,1980,135
IDN,1981,113
IDN,1982,117
IDN,1983,114
IDN,1984,116
IDN,1985,124
IDN,1986,126
IDN,1987,122
IDN,1988,116
IDN,1989,106
IDN,1990,88
IDN,1991,98
IDN,1992,96
IDN,1993,92
IDN,1994,89
IDN,1995,68
IDN,1996,79
IDN,1997,99
IDN,1998,122
IDN,1999,101
IDN,2000,102
IDN,2001,63
IDN,2002,59
IDN,2003,63
IDN,2004,52
IDN,2005,71
IDN,2006,47
IDN,2007,40
IDN,2008,32
IDN,2009,41
IDN,2010,62
IDN,2011,45
IDN,2012,58
IDN,2013,58
IDN,2014,35
IDN,2015,60
IDN,2016,38
IDN,2017,51
IDN,2018,39
IDN,2019,115
IDN,2020,87
IDN,2021,113
IDN,2022,114
IDN,2023,159
IMN,1960,162
IMN,1961,162
IMN,1962,162
IMN,1963,162
IMN,1964,162
IMN,1965,162
IMN,1966,162
IMN,1967,162
IMN,1968,162
IMN,1969,162
IMN,1970,162
IMN,1971,162
IMN,1972,162
IMN,1973,162
IMN,1974,162
IMN,1975,162
IMN,1976,162
IMN,1977,162
IMN,1978,162
IMN,1979,162
IMN,1980,162
IMN,1981,162
IMN,1982,162
IMN,1983,162
IMN,1984,162
IMN,1985,162
IMN,1986,162
IMN,1987,162
IMN,1988,162
IMN,1989,162
IMN,1990,162
IMN,1991,162
IMN,1992,162
IMN,1993,162
IMN,1994,162
IMN,1995,162
IMN,1996,162
IMN,1997,162
IMN,1998,162
IMN,1999,162
IMN,2000,162
IMN,2001,162
IMN,2002,162
IMN,2003,162
IMN,2004,162
IMN,2005,162
IMN,2006,162
IMN,2007,162
IMN,2008,162
IMN,2009,162
IMN,2010,162
IMN,2011,162
IMN,2012,162
IMN,2013,162
IMN,2014,162
IMN,2015,162
IMN,2016,162
IMN,2017,162
IMN,2018,162
IMN,2019,162
IMN,2020,162
IMN,2021,162
IMN,2022,162
IMN,2023,164
IND,1960,162
IND,1961,162
IND,1962,162
IND,1963,162
IND,1964,162
IND,1965,162
IND,1966,162
IND,1967,162
IND,1968,162
IND,1969,162
IND,1970,158
IND,1971,99
IND,1972,129
IND,1973,118
IND,1974,143
IND,1975,129
IND,1976,129
IND,1977,132
IND,1978,132
IND,1979,142
IND,1980,135
IND,1981,121
IND,1982,134
IND,1983,134
IND,1984,132
IND,1985,140
IND,1986,123
IND,1987,114
IND,1988,125
IND,1989,131
IND,1990,120
IND,1991,123
IND,1992,134
IND,1993,125
IND,1994,118
IND,1995,115
IND,1996,120
IND,1997,117
IND,1998,133
IND,1999,94
IND,2000,68
IND,2001,71
IND,2002,82
IND,2003,75
IND,2004,107
IND,2005,115
IND,2006,109
IND,2007,102
IND,2008,102
IND,2009,94
IND,2010,96
IND,2011,70
IND,2012,109
IND,2013,73
IND,2014,96
IND,2015,91
IND,2016,86
IND,2017,81
IND,2018,96
IND,2019,89
IND,2020,60
IND,2021,90
IND,2022,85
IND,2023,159
INX,1960,164
INX,1961,164
INX,1962,164
INX,1963,164
INX,1964,164
INX,1965,164
INX,1966,164
INX,1967,164
INX,1968,164
INX,1969,164
INX,1970,164
INX,1971,164
INX,1972,164
INX,1973,164
INX,1974,164
INX,1975,164
INX,1976,164
INX,1977,164
INX,1978,164
INX,1979,164
INX,1980,164
INX,1981,164
INX,1982,164
INX,1983,164
INX,1984,164
INX,1985,164
INX,1986,164
INX,1987,164
INX,1988,164
INX,1989,164
INX,1990,164
INX,1991,164
INX,1992,164
INX,1993,164
INX,1994,164
INX,1995,164
INX,1996,164
INX,1997,164
INX,1998,164
INX,1999,164
INX,2000,164
INX,2001,164
INX,2002,164
INX,2003,164
INX,2004,164
INX,2005,164
INX,2006,164
INX,2007,164
INX,2008,164
INX,2009,164
INX,2010,164
INX,2011,164
INX,2012,164
INX,2013,164
INX,2014,164
INX,2015,164
INX,2016,164
INX,2017,164
INX,2018,164
INX,2019,164
INX,2020,164
INX,2021,164
INX,2022,164
INX,2023,164
IRL,1960,162
IRL,1961,162
IRL,1962,162
IRL,1963,162
IRL,1964,162
IRL,1965,162
IRL,1966,162
IRL,1967,162
IRL,1968,162
IRL,1969,162
IRL,1970,158
IRL,1971,103
IRL,1972,108
IRL,1973,108
IRL,1974,105
IRL,1975,110
IRL,1976,100
IRL,1977,99
IRL,1978,102
IRL,1979,108
IRL,1980,106
IRL,1981,103
IRL,1982,102
IRL,1983,106
IRL,1984,123
IRL,1985,123
IRL,1986,108
IRL,1987,108
IRL,1988,108
IRL,1989,108
IRL,1990,100
IRL,1991,76
IRL,1992,77
IRL,1993,83
IRL,1994,80
IRL,1995,78
IRL,1996,84
IRL,1997,98
IRL,1998,83
IRL,1999,74
IRL,2000,85
IRL,2001,75
IRL,2002,83
IRL,2003,83
IRL,2004,80
IRL,2005,80
IRL,2006,83
IRL,2007,71
IRL,2008,83
IRL,2009,83
IRL,2010,114
IRL,2011,111
IRL,2012,120
IRL,2013,121
IRL,2014,114
IRL,2015,113
IRL,2016,110
IRL,2017,116
IRL,2018,135
IRL,2019,138
IRL,2020,108
IRL,2021,113
IRL,2022,151
IRL,2023,159
IRN,1960,162
IRN,1961,162
IRN,1962,162
IRN,1963,162
IRN,1964,162
IRN,1965,162
IRN,1966,162
IRN,1967,162
IRN,1968,162
IRN,1969,162
IRN,1970,158
IRN,1971,105
IRN,1972,119
IRN,1973,119
IRN,1974,119
IRN,1975,119
IRN,1976,117
IRN,1977,119
IRN,1978,137
IRN,1979,154
IRN,1980,154
IRN,1981,148
IRN,1982,139
IRN,1983,134
IRN,1984,114
IRN,1985,104
IRN,1986,104
IRN,1987,103
IRN,1988,94
IRN,1989,103
IRN,1990,93
IRN,1991,86
IRN,1992,82
IRN,1993,90
IRN,1994,98
IRN,1995,101
IRN,1996,117
IRN,1997,95
IRN,1998,130
IRN,1999,93
IRN,2000,72
IRN,2001,78
IRN,2002,65
IRN,2003,72
IRN,2004,79
IRN,2005,74
IRN,2006,56
IRN,2007,78
IRN,2008,64
IRN,2009,65
IRN,2010,56
IRN,2011,66
IRN,2012,52
IRN,2013,36
IRN,2014,32
IRN,2015,74
IRN,2016,14
IRN,2017,50
IRN,2018,126
IRN,2019,114
IRN,2020,101
IRN,2021,143
IRN,2022,144
IRN,2023,159
IRQ,1960,162
IRQ,1961,162
IRQ,1962,162
IRQ,1963,162
IRQ,1964,162
IRQ,1965,162
IRQ,1966,162
IRQ,1967,162
IRQ,1968,162
IRQ,1969,162
IRQ,1970,158
IRQ,1971,87
IRQ,1972,87
IRQ,1973,91
IRQ,1974,89
IRQ,1975,87
IRQ,1976,87
IRQ,1977,84
IRQ,1978,91
IRQ,1979,97
IRQ,1980,87
IRQ,1981,102
IRQ,1982,111
IRQ,1983,96
IRQ,1984,114
IRQ,1985,81
IRQ,1986,87
IRQ,1987,81
IRQ,1988,81
IRQ,1989,86
IRQ,1990,150
IRQ,1991,129
IRQ,1992,130
IRQ,1993,84
IRQ,1994,145
IRQ,1995,145
IRQ,1996,102
IRQ,1997,145
IRQ,1998,141
IRQ,1999,62
IRQ,2000,50
IRQ,2001,133
IRQ,2002,138
IRQ,2003,96
IRQ,2004,57
IRQ,2005,137
IRQ,2006,142
IRQ,2007,85
IRQ,2008,143
IRQ,2009,143
IRQ,2010,143
IRQ,2011,141
IRQ,2012,138
IRQ,2013,128
IRQ,2014,136
IRQ,2015,143
IRQ,2016,136
IRQ,2017,136
IRQ,2018,131
IRQ,2019,143
IRQ,2020,143
IRQ,2021,143
IRQ,2022,151
IRQ,2023,159
ISL,1960,162
ISL,1961,162
ISL,1962,162
ISL,1963,162
ISL,1964,162
ISL,1965,162
ISL,1966,162
ISL,1967,162
ISL,1968,162
ISL,1969,162
ISL,1970,158
ISL,1971,128
ISL,1972,133
ISL,1973,137
ISL,1974,137
ISL,1975,126
ISL,1976,126
ISL,1977,130
ISL,1978,149
ISL,1979,153
ISL,1980,146
ISL,1981,143
ISL,1982,152
ISL,1983,134
ISL,1984,138
ISL,1985,152
ISL,1986,134
ISL,1987,146
ISL,1988,137
ISL,1989,134
ISL,1990,137
ISL,1991,129
ISL,1992,129
ISL,1993,120
ISL,1994,108
ISL,1995,121
ISL,1996,104
ISL,1997,108
ISL,1998,69
ISL,1999,67
ISL,2000,67
ISL,2001,69
ISL,2002,67
ISL,2003,61
ISL,2004,57
ISL,2005,45
ISL,2006,62
ISL,2007,63
ISL,2008,63
ISL,2009,61
ISL,2010,57
ISL,2011,57
ISL,2012,60
ISL,2013,61
ISL,2014,61
ISL,2015,61
ISL,2016,69
ISL,2017,82
ISL,2018,96
ISL,2019,73
ISL,2020,78
ISL,2021,110
ISL,2022,151
ISL,2023,159
ISR,1960,162
ISR,1961,162
ISR,1962,162
ISR,1963,162
ISR,1964,162
ISR,1965,162
ISR,1966,162
ISR,1967,162
ISR,1968,162
ISR,1969,162
ISR,1970,158
ISR,1971,150
ISR,1972,148
ISR,1973,130
ISR,1974,134
ISR,1975,123
ISR,1976,132
ISR,1977,123
ISR,1978,123
ISR,1979,126
ISR,1980,125
ISR,1981,135
ISR,1982,134
ISR,1983,114
ISR,1984,127
ISR,1985,133
ISR,1986,129
ISR,1987,129
ISR,1988,126
ISR,1989,126
ISR,1990,117
ISR,1991,113
ISR,1992,117
ISR,1993,113
ISR,1994,117
ISR,1995,137
ISR,1996,137
ISR,1997,145
ISR,1998,128
ISR,1999,89
ISR,2000,82
ISR,2001,70
ISR,2002,61
ISR,2003,61
ISR,2004,49
ISR,2005,61
ISR,2006,56
ISR,2007,49
ISR,2008,63
ISR,2009,55
ISR,2010,55
ISR,2011,54
ISR,2012,56
ISR,2013,39
ISR,2014,39
ISR,2015,39
ISR,2016,68
ISR,2017,75
ISR,2018,94
ISR,2019,93
ISR,2020,94
ISR,2021,109
ISR,2022,151
ISR,2023,159
ITA,1960,162
ITA,1961,162
ITA,1962,162
ITA,1963,162
ITA,1964,162
ITA,1965,162
ITA,1966,162
ITA,1967,162
ITA,1968,162
ITA,1969,162
ITA,1970,156
ITA,1971,101
ITA,1972,112
ITA,1973,106
ITA,1974,111
ITA,1975,112
ITA,1976,93
ITA,1977,111
ITA,1978,107
ITA,1979,92
ITA,1980,111
ITA,1981,94
ITA,1982,114
ITA,1983,105
ITA,1984,105
ITA,1985,90
ITA,1986,105
ITA,1987,109
ITA,1988,105
ITA,1989,109
ITA,1990,101
ITA,1991,99
ITA,1992,99
ITA,1993,104
ITA,1994,90
ITA,1995,83
ITA,1996,80
ITA,1997,96
ITA,1998,101
ITA,1999,69
ITA,2000,70
ITA,2001,37
ITA,2002,67
ITA,2003,67
ITA,2004,61
ITA,2005,46
ITA,2006,44
ITA,2007,46
ITA,2008,56
ITA,2009,56
ITA,2010,56
ITA,2011,47
ITA,2012,50
ITA,2013,51
ITA,2014,41
ITA,2015,36
ITA,2016,52
ITA,2017,61
ITA,2018,90
ITA,2019,83
ITA,2020,66
ITA,2021,106
ITA,2022,151
ITA,2023,159
JAM,1960,162
JAM,1961,162
JAM,1962,162
JAM,1963,162
JAM,1964,162
JAM,1965,162
JAM,1966,162
JAM,1967,162
JAM,1968,162
JAM,1969,162
JAM,1970,152
JAM,1971,143
JAM,1972,146
JAM,1973,133
JAM,1974,130
JAM,1975,117
JAM,1976,100
JAM,1977,98
JAM,1978,151
JAM,1979,112
JAM,1980,109
JAM,1981,102
JAM,1982,146
JAM,1983,107
JAM,1984,101
JAM,1985,102
JAM,1986,107
JAM,1987,98
JAM,1988,105
JAM,1989,105
JAM,1990,98
JAM,1991,85
JAM,1992,139
JAM,1993,95
JAM,1994,140
JAM,1995,136
JAM,1996,137
JAM,1997,139
JAM,1998,144
JAM,1999,93
JAM,2000,73
JAM,2001,72
JAM,2002,70
JAM,2003,76
JAM,2004,69
JAM,2005,92
JAM,2006,143
JAM,2007,104
JAM,2008,103
JAM,2009,98
JAM,2010,95
JAM,2011,81
JAM,2012,101
JAM,2013,86
JAM,2014,87
JAM,2015,69
JAM,2016,71
JAM,2017,74
JAM,2018,68
JAM,2019,101
JAM,2020,106
JAM,2021,107
JAM,2022,123
JAM,2023,159
JOR,1960,162
JOR,1961,162
JOR,1962,162
JOR,1963,162
JOR,1964,162
JOR,1965,162
JOR,1966,162
JOR,1967,162
JOR,1968,162
JOR,1969,162
JOR,1970,156
JOR,1971,112
JOR,1972,88
JOR,1973,88
JOR,1974,92
JOR,1975,96
JOR,1976,96
JOR,1977,96
JOR,1978,93
JOR,1979,88
JOR,1980,93
JOR,1981,94
JOR,1982,88
JOR,1983,91
JOR,1984,97
JOR,1985,99
JOR,1986,117
JOR,1987,110
JOR,1988,99
JOR,1989,107
JOR,1990,113
JOR,1991,106
JOR,1992,103
JOR,1993,99
JOR,1994,108
JOR,1995,128
JOR,1996,104
JOR,1997,129
JOR,1998,122
JOR,1999,66
JOR,2000,80
JOR,2001,141
JOR,2002,56
JOR,2003,40
JOR,2004,64
JOR,2005,71
JOR,2006,68
JOR,2007,74
JOR,2008,61
JOR,2009,139
JOR,2010,63
JOR,2011,74
JOR,2012,89
JOR,2013,77
JOR,2014,82
JOR,2015,129
JOR,2016,95
JOR,2017,34
JOR,2018,30
JOR,2019,88
JOR,2020,73
JOR,2021,81
JOR,2022,109
JOR,2023,159
JPN,1960,162
JPN,1961,162
JPN,1962,162
JPN,1963,162
JPN,1964,162
JPN,1965,162
JPN,1966,162
JPN,1967,162
JPN,1968,162
JPN,1969,162
JPN,1970,149
JPN,1971,116
JPN,1972,114
JPN,1973,118
JPN,1974,116
JPN,1975,116
JPN,1976,116
JPN,1977,120
JPN,1978,119
JPN,1979,114
JPN,1980,109
JPN,1981,118
JPN,1982,118
JPN,1983,118
JPN,1984,119
JPN,1985,119
JPN,1986,119
JPN,1987,118
JPN,1988,118
JPN,1989,120
JPN,1990,104
JPN,1991,109
JPN,1992,114
JPN,1993,127
JPN,1994,113
JPN,1995,119
JPN,1996,132
JPN,1997,134
JPN,1998,108
JPN,1999,112
JPN,2000,138
JPN,2001,138
JPN,2002,138
JPN,2003,136
JPN,2004,138
JPN,2005,137
JPN,2006,137
JPN,2007,135
JPN,2008,137
JPN,2009,141
JPN,2010,125
JPN,2011,135
JPN,2012,137
JPN,2013,93
JPN,2014,93
JPN,2015,95
JPN,2016,92
JPN,2017,100
JPN,2018,115
JPN,2019,113
JPN,2020,104
JPN,2021,147
JPN,2022,152
JPN,2023,159
KAZ,1960,162
KAZ,1961,162
KAZ,1962,162
KAZ,1963,162
KAZ,1964,162
KAZ,1965,162
KAZ,1966,162
KAZ,1967,162
KAZ,1968,162
KAZ,1969,162
KAZ,1970,158
KAZ,1971,158
KAZ,1972,158
KAZ,1973,158
KAZ,1974,158
KAZ,1975,158
KAZ,1976,158
KAZ,1977,158
KAZ,1978,158
KAZ,1979,158
KAZ,1980,158
KAZ,1981,149
KAZ,1982,158
KAZ,1983,158
KAZ,1984,158
KAZ,1985,158
KAZ,1986,146
KAZ,1987,158
KAZ,1988,157
KAZ,1989,130
KAZ,1990,131
KAZ,1991,126
KAZ,1992,126
KAZ,1993,122
KAZ,1994,110
KAZ,1995,117
KAZ,1996,122
KAZ,1997,112
KAZ,1998,117
KAZ,1999,94
KAZ,2000,72
KAZ,2001,97
KAZ,2002,88
KAZ,2003,95
KAZ,2004,94
KAZ,2005,95
KAZ,2006,66
KAZ,2007,72
KAZ,2008,91
KAZ,2009,66
KAZ,2010,69
KAZ,2011,75
KAZ,2012,76
KAZ,2013,71
KAZ,2014,67
KAZ,2015,44
KAZ,2016,54
KAZ,2017,54
KAZ,2018,35
KAZ,2019,61
KAZ,2020,84
KAZ,2021,114
KAZ,2022,123
KAZ,2023,159
KEN,1960,162
KEN,1961,162
KEN,1962,162
KEN,1963,162
KEN,1964,162
KEN,1965,162
KEN,1966,162
KEN,1967,162
KEN,1968,162
KEN,1969,162
KEN,1970,127
KEN,1971,118
KEN,1972,117
KEN,1973,127
KEN,1974,133
KEN,1975,131
KEN,1976,130
KEN,1977,124
KEN,1978,136
KEN,1979,128
KEN,1980,118
KEN,1981,127
KEN,1982,137
KEN,1983,132
KEN,1984,133
KEN,1985,129
KEN,1986,133
KEN,1987,133
KEN,1988,137
KEN,1989,143
KEN,1990,138
KEN,1991,133
KEN,1992,131
KEN,1993,129
KEN,1994,129
KEN,1995,134
KEN,1996,142
KEN,1997,142
KEN,1998,127
KEN,1999,96
KEN,2000,79
KEN,2001,88
KEN,2002,88
KEN,2003,74
KEN,2004,59
KEN,2005,68
KEN,2006,77
KEN,2007,75
KEN,2008,78
KEN,2009,64
KEN,2010,130
KEN,2011,135
KEN,2012,94
KEN,2013,135
KEN,2014,87
KEN,2015,95
KEN,2016,112
KEN,2017,135
KEN,2018,137
KEN,2019,117
KEN,2020,113
KEN,2021,131
KEN,2022,132
KEN,2023,159
KGZ,1960,162
KGZ,1961,162
KGZ,1962,162
KGZ,1963,162
KGZ,1964,162
KGZ,1965,162
KGZ,1966,162
KGZ,1967,162
KGZ,1968,162
KGZ,1969,162
KGZ,1970,158
KGZ,1971,158
KGZ,1972,158
KGZ,1973,158
KGZ,1974,158
KGZ,1975,158
KGZ,1976,158
KGZ,1977,158
KGZ,1978,158
KGZ,1979,158
KGZ,1980,158
KGZ,1981,138
KGZ,1982,158
KGZ,1983,158
KGZ,1984,158
KGZ,1985,158
KGZ,1986,134
KGZ,1987,157
KGZ,1988,157
KGZ,1989,137
KGZ,1990,129
KGZ,1991,125
KGZ,1992,119
KGZ,1993,121
KGZ,1994,120
KGZ,1995,113
KGZ,1996,105
KGZ,1997,130
KGZ,1998,126
KGZ,1999,50
KGZ,2000,69
KGZ,2001,66
KGZ,2002,66
KGZ,2003,59
KGZ,2004,53
KGZ,2005,51
KGZ,2006,51
KGZ,2007,51
KGZ,2008,65
KGZ,2009,29
KGZ,2010,59
KGZ,2011,58
KGZ,2012,56
KGZ,2013,60
KGZ,2014,57
KGZ,2015,56
KGZ,2016,55
KGZ,2017,55
KGZ,2018,54
KGZ,2019,82
KGZ,2020,89
KGZ,2021,93
KGZ,2022,111
KGZ,2023,159
KHM,1960,162
KHM,1961,162
KHM,1962,162
KHM,1963,162
KHM,1964,162
KHM,1965,162
KHM,1966,162
KHM,1967,162
KHM,1968,162
KHM,1969,162
KHM,1970,158
KHM,1971,134
KHM,1972,141
KHM,1973,140
KHM,1974,158
KHM,1975,158
KHM,1976,158
KHM,1977,158
KHM,1978,158
KHM,1979,158
KHM,1980,156
KHM,1981,150
KHM,1982,150
KHM,1983,150
KHM,1984,150
KHM,1985,150
KHM,1986,144
KHM,1987,146
KHM,1988,145
KHM,1989,144
KHM,1990,141
KHM,1991,130
KHM,1992,144
KHM,1993,141
KHM,1994,119
KHM,1995,118
KHM,1996,141
KHM,1997,94
KHM,1998,61
KHM,1999,76
KHM,2000,69
KHM,2001,66
KHM,2002,65
KHM,2003,77
KHM,2004,71
KHM,2005,88
KHM,2006,60
KHM,2007,44
KHM,2008,64
KHM,2009,83
KHM,2010,63
KHM,2011,76
KHM,2012,79
KHM,2013,94
KHM,2014,48
KHM,2015,43
KHM,2016,80
KHM,2017,70
KHM,2018,75
KHM,2019,83
KHM,2020,98
KHM,2021,76
KHM,2022,113
KHM,2023,159
KIR,1960,162
KIR,1961,162
KIR,1962,162
KIR,1963,162
KIR,1964,162
KIR,1965,162
KIR,1966,162
KIR,1967,162
KIR,1968,162
KIR,1969,162
KIR,1970,140
KIR,1971,132
KIR,1972,133
KIR,1973,134
KIR,1974,140
KIR,1975,144
KIR,1976,150
KIR,1977,124
KIR,1978,113
KIR,1979,108
KIR,1980,112
KIR,1981,106
KIR,1982,110
KIR,1983,104
KIR,1984,110
KIR,1985,106
KIR,1986,99
KIR,1987,108
KIR,1988,121
KIR,1989,102
KIR,1990,110
KIR,1991,102
KIR,1992,103
KIR,1993,118
KIR,1994,117
KIR,1995,110
KIR,1996,109
KIR,1997,119
KIR,1998,127
KIR,1999,121
KIR,2000,116
KIR,2001,108
KIR,2002,117
KIR,2003,108
KIR,2004,115
KIR,2005,100
KIR,2006,105
KIR,2007,106
KIR,2008,106
KIR,2009,143
KIR,2010,136
KIR,2011,134
KIR,2012,131
KIR,2013,137
KIR,2014,109
KIR,2015,116
KIR,2016,111
KIR,2017,122
KIR,2018,131
KIR,2019,142
KIR,2020,116
KIR,2021,146
KIR,2022,155
KIR,2023,164
KNA,1960,162
KNA,1961,162
KNA,1962,162
KNA,1963,162
KNA,1964,162
KNA,1965,162
KNA,1966,162
KNA,1967,162
KNA,1968,162
KNA,1969,162
KNA,1970,149
KNA,1971,158
KNA,1972,158
KNA,1973,158
KNA,1974,158
KNA,1975,158
KNA,1976,150
KNA,1977,150
KNA,1978,150
KNA,1979,144
KNA,1980,133
KNA,1981,150
KNA,1982,150
KNA,1983,158
KNA,1984,122
KNA,1985,103
KNA,1986,105
KNA,1987,127
KNA,1988,117
KNA,1989,114
KNA,1990,136
KNA,1991,128
KNA,1992,93
KNA,1993,120
KNA,1994,132
KNA,1995,128
KNA,1996,147
KNA,1997,147
KNA,1998,126
KNA,1999,147
KNA,2000,107
KNA,2001,105
KNA,2002,80
KNA,2003,82
KNA,2004,80
KNA,2005,89
KNA,2006,147
KNA,2007,81
KNA,2008,77
KNA,2009,81
KNA,2010,80
KNA,2011,85
KNA,2012,83
KNA,2013,88
KNA,2014,80
KNA,2015,77
KNA,2016,89
KNA,2017,144
KNA,2018,144
KNA,2019,135
KNA,2020,147
KNA,2021,116
KNA,2022,154
KNA,2023,164
KOR,1960,162
KOR,1961,162
KOR,1962,162
KOR,1963,162
KOR,1964,162
KOR,1965,162
KOR,1966,162
KOR,1967,162
KOR,1968,162
KOR,1969,162
KOR,1970,142
KOR,1971,77
KOR,1972,77
KOR,1973,80
KOR,1974,87
KOR,1975,74
KOR,1976,77
KOR,1977,78
KOR,1978,82
KOR,1979,78
KOR,1980,82
KOR,1981,87
KOR,1982,87
KOR,1983,87
KOR,1984,77
KOR,1985,68
KOR,1986,77
KOR,1987,83
KOR,1988,90
KOR,1989,87
KOR,1990,73
KOR,1991,74
KOR,1992,74
KOR,1993,84
KOR,1994,82
KOR,1995,76
KOR,1996,90
KOR,1997,76
KOR,1998,63
KOR,1999,63
KOR,2000,44
KOR,2001,58
KOR,2002,56
KOR,2003,56
KOR,2004,56
KOR,2005,45
KOR,2006,58
KOR,2007,58
KOR,2008,58
KOR,2009,51
KOR,2010,44
KOR,2011,60
KOR,2012,60
KOR,2013,50
KOR,2014,50
KOR,2015,21
KOR,2016,36
KOR,2017,45
KOR,2018,70
KOR,2019,73
KOR,2020,75
KOR,2021,93
KOR,2022,151
KOR,2023,159
KWT,1960,162
KWT,1961,162
KWT,1962,162
KWT,1963,162
KWT,1964,162
KWT,1965,162
KWT,1966,162
KWT,1967,162
KWT,1968,162
KWT,1969,162
KWT,1970,149
KWT,1971,91
KWT,1972,87
KWT,1973,80
KWT,1974,86
KWT,1975,73
KWT,1976,86
KWT,1977,90
KWT,1978,89
KWT,1979,85
KWT,1980,73
KWT,1981,88
KWT,1982,86
KWT,1983,87
KWT,1984,87
KWT,1985,70
KWT,1986,93
KWT,1987,100
KWT,1988,96
KWT,1989,125
KWT,1990,115
KWT,1991,129
KWT,1992,72
KWT,1993,111
KWT,1994,71
KWT,1995,91
KWT,1996,73
KWT,1997,72
KWT,1998,97
KWT,1999,51
KWT,2000,54
KWT,2001,49
KWT,2002,75
KWT,2003,71
KWT,2004,55
KWT,2005,45
KWT,2006,69
KWT,2007,52
KWT,2008,55
KWT,2009,94
KWT,2010,85
KWT,2011,79
KWT,2012,44
KWT,2013,54
KWT,2014,87
KWT,2015,57
KWT,2016,91
KWT,2017,72
KWT,2018,74
KWT,2019,123
KWT,2020,109
KWT,2021,113
KWT,2022,151
KWT,2023,159
LAO,1960,162
LAO,1961,162
LAO,1962,162
LAO,1963,162
LAO,1964,162
LAO,1965,162
LAO,1966,162
LAO,1967,162
LAO,1968,162
LAO,1969,162
LAO,1970,158
LAO,1971,124
LAO,1972,120
LAO,1973,120
LAO,1974,149
LAO,1975,152
LAO,1976,153
LAO,1977,139
LAO,1978,130
LAO,1979,132
LAO,1980,126
LAO,1981,123
LAO,1982,137
LAO,1983,142
LAO,1984,137
LAO,1985,131
LAO,1986,123
LAO,1987,158
LAO,1988,117
LAO,1989,158
LAO,1990,106
LAO,1991,130
LAO,1992,70
LAO,1993,68
LAO,1994,77
LAO,1995,103
LAO,1996,73
LAO,1997,68
LAO,1998,69
LAO,1999,49
LAO,2000,34
LAO,2001,34
LAO,2002,37
LAO,2003,45
LAO,2004,43
LAO,2005,34
LAO,2006,42
LAO,2007,51
LAO,2008,49
LAO,2009,39
LAO,2010,37
LAO,2011,30
LAO,2012,39
LAO,2013,41
LAO,2014,37
LAO,2015,40
LAO,2016,47
LAO,2017,31
LAO,2018,56
LAO,2019,79
LAO,2020,85
LAO,2021,88
LAO,2022,102
LAO,2023,159
LBN,1960,162
LBN,1961,162
LBN,1962,162
LBN,1963,162
LBN,1964,162
LBN,1965,162
LBN,1966,162
LBN,1967,162
LBN,1968,162
LBN,1969,162
LBN,1970,146
LBN,1971,132
LBN,1972,151
LBN,1973,145
LBN,1974,136
LBN,1975,157
LBN,1976,158
LBN,1977,158
LBN,1978,151
LBN,1979,157
LBN,1980,147
LBN,1981,141
LBN,1982,130
LBN,1983,141
LBN,1984,158
LBN,1985,132
LBN,1986,157
LBN,1987,152
LBN,1988,158
LBN,1989,148
LBN,1990,150
LBN,1991,145
LBN,1992,124
LBN,1993,138
LBN,1994,125
LBN,1995,125
LBN,1996,119
LBN,1997,118
LBN,1998,112
LBN,1999,102
LBN,2000,109
LBN,2001,99
LBN,2002,96
LBN,2003,102
LBN,2004,98
LBN,2005,96
LBN,2006,96
LBN,2007,77
LBN,2008,96
LBN,2009,97
LBN,2010,96
LBN,2011,96
LBN,2012,105
LBN,2013,98
LBN,2014,108
LBN,2015,114
LBN,2016,102
LBN,2017,108
LBN,2018,115
LBN,2019,118
LBN,2020,128
LBN,2021,124
LBN,2022,138
LBN,2023,159
LBR,1960,162
LBR,1961,162
LBR,1962,162
LBR,1963,162
LBR,1964,162
LBR,1965,162
LBR,1966,162
LBR,1967,162
LBR,1968,162
LBR,1969,162
LBR,1970,130
LBR,1971,134
LBR,1972,134
LBR,1973,154
LBR,1974,146
LBR,1975,133
LBR,1976,134
LBR,1977,158
LBR,1978,122
LBR,1979,134
LBR,1980,135
LBR,1981,158
LBR,1982,158
LBR,1983,158
LBR,1984,146
LBR,1985,158
LBR,1986,158
LBR,1987,152
LBR,1988,158
LBR,1989,158
LBR,1990,150
LBR,1991,145
LBR,1992,145
LBR,1993,145
LBR,1994,145
LBR,1995,145
LBR,1996,145
LBR,1997,145
LBR,1998,132
LBR,1999,91
LBR,2000,110
LBR,2001,143
LBR,2002,144
LBR,2003,143
LBR,2004,143
LBR,2005,143
LBR,2006,109
LBR,2007,136
LBR,2008,82
LBR,2009,105
LBR,2010,137
LBR,2011,75
LBR,2012,131
LBR,2013,137
LBR,2014,65
LBR,2015,96
LBR,2016,82
LBR,2017,69
LBR,2018,139
LBR,2019,137
LBR,2020,96
LBR,2021,141
LBR,2022,149
LBR,2023,159
LBY,1960,162
LBY,1961,162
LBY,1962,162
LBY,1963,162
LBY,1964,162
LBY,1965,162
LBY,1966,162
LBY,1967,162
LBY,1968,162
LBY,1969,162
LBY,1970,158
LBY,1971,91
LBY,1972,91
LBY,1973,92
LBY,1974,99
LBY,1975,99
LBY,1976,92
LBY,1977,87
LBY,1978,94
LBY,1979,109
LBY,1980,97
LBY,1981,101
LBY,1982,154
LBY,1983,105
LBY,1984,135
LBY,1985,153
LBY,1986,136
LBY,1987,158
LBY,1988,158
LBY,1989,158
LBY,1990,149
LBY,1991,144
LBY,1992,140
LBY,1993,144
LBY,1994,137
LBY,1995,145
LBY,1996,145
LBY,1997,145
LBY,1998,144
LBY,1999,123
LBY,2000,137
LBY,2001,127
LBY,2002,114
LBY,2003,119
LBY,2004,137
LBY,2005,129
LBY,2006,123
LBY,2007,143
LBY,2008,143
LBY,2009,143
LBY,2010,143
LBY,2011,143
LBY,2012,143
LBY,2013,143
LBY,2014,143
LBY,2015,143
LBY,2016,143
LBY,2017,143
LBY,2018,143
LBY,2019,143
LBY,2020,143
LBY,2021,143
LBY,2022,151
LBY,2023,159
LCA,1960,162
LCA,1961,162
LCA,1962,162
LCA,1963,162
LCA,1964,162
LCA,1965,162
LCA,1966,162
LCA,1967,162
LCA,1968,162
LCA,1969,162
LCA,1970,149
LCA,1971,152
LCA,1972,132
LCA,1973,131
LCA,1974,139
LCA,1975,141
LCA,1976,138
LCA,1977,132
LCA,1978,140
LCA,1979,143
LCA,1980,131
LCA,1981,119
LCA,1982,108
LCA,1983,101
LCA,1984,107
LCA,1985,126
LCA,1986,124
LCA,1987,128
LCA,1988,141
LCA,1989,145
LCA,1990,98
LCA,1991,104
LCA,1992,117
LCA,1993,100
LCA,1994,133
LCA,1995,139
LCA,1996,133
LCA,1997,122
LCA,1998,136
LCA,1999,96
LCA,2000,81
LCA,2001,80
LCA,2002,85
LCA,2003,71
LCA,2004,49
LCA,2005,63
LCA,2006,60
LCA,2007,62
LCA,2008,69
LCA,2009,62
LCA,2010,39
LCA,2011,51
LCA,2012,54
LCA,2013,46
LCA,2014,74
LCA,2015,74
LCA,2016,57
LCA,2017,54
LCA,2018,50
LCA,2019,74
LCA,2020,95
LCA,2021,142
LCA,2022,107
LCA,2023,159
LIE,1960,162
LIE,1961,162
LIE,1962,162
LIE,1963,162
LIE,1964,162
LIE,1965,162
LIE,1966,162
LIE,1967,162
LIE,1968,162
LIE,1969,162
LIE,1970,152
LIE,1971,157
LIE,1972,157
LIE,1973,157
LIE,1974,157
LIE,1975,157
LIE,1976,157
LIE,1977,157
LIE,1978,157
LIE,1979,157
LIE,1980,157
LIE,1981,157
LIE,1982,157
LIE,1983,157
LIE,1984,157
LIE,1985,157
LIE,1986,157
LIE,1987,157
LIE,1988,157
LIE,1989,157
LIE,1990,157
LIE,1991,157
LIE,1992,157
LIE,1993,157
LIE,1994,157
LIE,1995,157
LIE,1996,158
LIE,1997,158
LIE,1998,157
LIE,1999,156
LIE,2000,144
LIE,2001,156
LIE,2002,156
LIE,2003,91
LIE,2004,92
LIE,2005,98
LIE,2006,88
LIE,2007,79
LIE,2008,79
LIE,2009,83
LIE,2010,90
LIE,2011,82
LIE,2012,98
LIE,2013,144
LIE,2014,86
LIE,2015,87
LIE,2016,90
LIE,2017,91
LIE,2018,118
LIE,2019,119
LIE,2020,115
LIE,2021,125
LIE,2022,156
LIE,2023,164
LKA,1960,162
LKA,1961,162
LKA,1962,162
LKA,1963,162
LKA,1964,162
LKA,1965,162
LKA,1966,162
LKA,1967,162
LKA,1968,162
LKA,1969,162
LKA,1970,129
LKA,1971,130
LKA,1972,147
LKA,1973,139
LKA,1974,139
LKA,1975,136
LKA,1976,132
LKA,1977,136
LKA,1978,138
LKA,1979,143
LKA,1980,139
LKA,1981,114
LKA,1982,126
LKA,1983,120
LKA,1984,127
LKA,1985,113
LKA,1986,106
LKA,1987,125
LKA,1988,129
LKA,1989,116
LKA,1990,108
LKA,1991,102
LKA,1992,109
LKA,1993,121
LKA,1994,113
LKA,1995,119
LKA,1996,132
LKA,1997,145
LKA,1998,124
LKA,1999,143
LKA,2000,143
LKA,2001,74
LKA,2002,96
LKA,2003,100
LKA,2004,119
LKA,2005,94
LKA,2006,84
LKA,2007,105
LKA,2008,91
LKA,2009,89
LKA,2010,48
LKA,2011,54
LKA,2012,56
LKA,2013,58
LKA,2014,71
LKA,2015,67
LKA,2016,40
LKA,2017,25
LKA,2018,37
LKA,2019,73
LKA,2020,74
LKA,2021,77
LKA,2022,144
LKA,2023,159
LSO,1960,162
LSO,1961,162
LSO,1962,162
LSO,1963,162
LSO,1964,162
LSO,1965,162
LSO,1966,162
LSO,1967,162
LSO,1968,162
LSO,1969,162
LSO,1970,111
LSO,1971,117
LSO,1972,93
LSO,1973,92
LSO,1974,109
LSO,1975,116
LSO,1976,93
LSO,1977,96
LSO,1978,96
LSO,1979,96
LSO,1980,99
LSO,1981,96
LSO,1982,95
LSO,1983,90
LSO,1984,90
LSO,1985,87
LSO,1986,89
LSO,1987,98
LSO,1988,96
LSO,1989,96
LSO,1990,95
LSO,1991,82
LSO,1992,83
LSO,1993,74
LSO,1994,76
LSO,1995,91
LSO,1996,79
LSO,1997,94
LSO,1998,77
LSO,1999,47
LSO,2000,43
LSO,2001,48
LSO,2002,58
LSO,2003,59
LSO,2004,68
LSO,2005,51
LSO,2006,45
LSO,2007,70
LSO,2008,50
LSO,2009,67
LSO,2010,65
LSO,2011,66
LSO,2012,58
LSO,2013,57
LSO,2014,51
LSO,2015,56
LSO,2016,71
LSO,2017,89
LSO,2018,107
LSO,2019,135
LSO,2020,141
LSO,2021,141
LSO,2022,142
LSO,2023,159
LTU,1960,162
LTU,1961,162
LTU,1962,162
LTU,1963,162
LTU,1964,162
LTU,1965,162
LTU,1966,162
LTU,1967,162
LTU,1968,162
LTU,1969,162
LTU,1970,158
LTU,1971,158
LTU,1972,158
LTU,1973,158
LTU,1974,158
LTU,1975,158
LTU,1976,158
LTU,1977,158
LTU,1978,158
LTU,1979,158
LTU,1980,158
LTU,1981,140
LTU,1982,158
LTU,1983,158
LTU,1984,158
LTU,1985,158
LTU,1986,138
LTU,1987,158
LTU,1988,158
LTU,1989,128
LTU,1990,134
LTU,1991,126
LTU,1992,120
LTU,1993,110
LTU,1994,114
LTU,1995,88
LTU,1996,90
LTU,1997,94
LTU,1998,86
LTU,1999,79
LTU,2000,78
LTU,2001,69
LTU,2002,76
LTU,2003,62
LTU,2004,71
LTU,2005,56
LTU,2006,54
LTU,2007,58
LTU,2008,58
LTU,2009,48
LTU,2010,48
LTU,2011,34
LTU,2012,43
LTU,2013,40
LTU,2014,35
LTU,2015,31
LTU,2016,29
LTU,2017,40
LTU,2018,90
LTU,2019,90
LTU,2020,69
LTU,2021,101
LTU,2022,151
LTU,2023,159
LUX,1960,162
LUX,1961,162
LUX,1962,162
LUX,1963,162
LUX,1964,162
LUX,1965,162
LUX,1966,162
LUX,1967,162
LUX,1968,162
LUX,1969,162
LUX,1970,140
LUX,1971,115
LUX,1972,97
LUX,1973,95
LUX,1974,98
LUX,1975,88
LUX,1976,81
LUX,1977,85
LUX,1978,83
LUX,1979,113
LUX,1980,120
LUX,1981,107
LUX,1982,97
LUX,1983,94
LUX,1984,110
LUX,1985,146
LUX,1986,103
LUX,1987,102
LUX,1988,107
LUX,1989,148
LUX,1990,144
LUX,1991,126
LUX,1992,132
LUX,1993,134
LUX,1994,130
LUX,1995,124
LUX,1996,122
LUX,1997,122
LUX,1998,128
LUX,1999,93
LUX,2000,93
LUX,2001,64
LUX,2002,89
LUX,2003,76
LUX,2004,83
LUX,2005,80
LUX,2006,71
LUX,2007,62
LUX,2008,77
LUX,2009,134
LUX,2010,58
LUX,2011,64
LUX,2012,52
LUX,2013,56
LUX,2014,58
LUX,2015,55
LUX,2016,69
LUX,2017,80
LUX,2018,100
LUX,2019,97
LUX,2020,94
LUX,2021,110
LUX,2022,152
LUX,2023,159
LVA,1960,162
LVA,1961,162
LVA,1962,162
LVA,1963,162
LVA,1964,162
LVA,1965,162
LVA,1966,162
LVA,1967,162
LVA,1968,162
LVA,1969,162
LVA,1970,158
LVA,1971,158
LVA,1972,158
LVA,1973,158
LVA,1974,158
LVA,1975,158
LVA,1976,158
LVA,1977,158
LVA,1978,158
LVA,1979,158
LVA,1980,158
LVA,1981,138
LVA,1982,146
LVA,1983,146
LVA,1984,146
LVA,1985,146
LVA,1986,137
LVA,1987,146
LVA,1988,146
LVA,1989,121
LVA,1990,125
LVA,1991,113
LVA,1992,113
LVA,1993,116
LVA,1994,112
LVA,1995,106
LVA,1996,102
LVA,1997,98
LVA,1998,102
LVA,1999,71
LVA,2000,73
LVA,2001,76
LVA,2002,78
LVA,2003,78
LVA,2004,63
LVA,2005,76
LVA,2006,64
LVA,2007,65
LVA,2008,49
LVA,2009,39
LVA,2010,24
LVA,2011,17
LVA,2012,24
LVA,2013,15
LVA,2014,15
LVA,2015,12
LVA,2016,13
LVA,2017,45
LVA,2018,54
LVA,2019,57
LVA,2020,75
LVA,2021,84
LVA,2022,151
LVA,2023,159
MAC,1960,162
MAC,1961,162
MAC,1962,162
MAC,1963,162
MAC,1964,162
MAC,1965,162
MAC,1966,162
MAC,1967,162
MAC,1968,162
MAC,1969,162
MAC,1970,152
MAC,1971,133
MAC,1972,133
MAC,1973,141
MAC,1974,134
MAC,1975,146
MAC,1976,146
MAC,1977,146
MAC,1978,146
MAC,1979,146
MAC,1980,158
MAC,1981,151
MAC,1982,158
MAC,1983,158
MAC,1984,158
MAC,1985,158
MAC,1986,158
MAC,1987,158
MAC,1988,157
MAC,1989,149
MAC,1990,99
MAC,1991,124
MAC,1992,90
MAC,1993,115
MAC,1994,147
MAC,1995,151
MAC,1996,150
MAC,1997,144
MAC,1998,147
MAC,1999,57
MAC,2000,48
MAC,2001,39
MAC,2002,48
MAC,2003,54
MAC,2004,55
MAC,2005,55
MAC,2006,34
MAC,2007,55
MAC,2008,49
MAC,2009,49
MAC,2010,53
MAC,2011,31
MAC,2012,53
MAC,2013,55
MAC,2014,53
MAC,2015,56
MAC,2016,29
MAC,2017,47
MAC,2018,52
MAC,2019,85
MAC,2020,85
MAC,2021,78
MAC,2022,100
MAC,2023,159
MAF,1960,162
MAF,1961,162
MAF,1962,162
MAF,1963,162
MAF,1964,162
MAF,1965,162
MAF,1966,162
MAF,1967,162
MAF,1968,162
MAF,1969,162
MAF,1970,162
MAF,1971,162
MAF,1972,162
MAF,1973,162
MAF,1974,162
MAF,1975,162
MAF,1976,162
MAF,1977,162
MAF,1978,162
MAF,1979,162
MAF,1980,162
MAF,1981,162
MAF,1982,162
MAF,1983,162
MAF,1984,162
MAF,1985,162
MAF,1986,162
MAF,1987,162
MAF,1988,162
MAF,1989,162
MAF,1990,162
MAF,1991,162
MAF,1992,162
MAF,1993,162
MAF,1994,162
MAF,1995,162
MAF,1996,162
MAF,1997,162
MAF,1998,162
MAF,1999,162
MAF,2000,162
MAF,2001,162
MAF,2002,162
MAF,2003,162
MAF,2004,162
MAF,2005,162
MAF,2006,162
MAF,2007,162
MAF,2008,162
MAF,2009,162
MAF,2010,162
MAF,2011,162
MAF,2012,162
MAF,2013,162
MAF,2014,162
MAF,2015,162
MAF,2016,162
MAF,2017,162
MAF,2018,162
MAF,2019,162
MAF,2020,162
MAF,2021,162
MAF,2022,162
MAF,2023,164
MAR,1960,162
MAR,1961,162
MAR,1962,162
MAR,1963,162
MAR,1964,162
MAR,1965,162
MAR,1966,162
MAR,1967,162
MAR,1968,162
MAR,1969,162
MAR,1970,158
MAR,1971,109
MAR,1972,111
MAR,1973,114
MAR,1974,108
MAR,1975,94
MAR,1976,100
MAR,1977,94
MAR,1978,94
MAR,1979,89
MAR,1980,92
MAR,1981,93
MAR,1982,84
MAR,1983,91
MAR,1984,91
MAR,1985,93
MAR,1986,84
MAR,1987,84
MAR,1988,84
MAR,1989,84
MAR,1990,76
MAR,1991,71
MAR,1992,75
MAR,1993,72
MAR,1994,68
MAR,1995,73
MAR,1996,83
MAR,1997,79
MAR,1998,70
MAR,1999,52
MAR,2000,62
MAR,2001,66
MAR,2002,69
MAR,2003,62
MAR,2004,59
MAR,2005,61
MAR,2006,64
MAR,2007,60
MAR,2008,44
MAR,2009,55
MAR,2010,62
MAR,2011,60
MAR,2012,56
MAR,2013,81
MAR,2014,77
MAR,2015,96
MAR,2016,79
MAR,2017,47
MAR,2018,54
MAR,2019,82
MAR,2020,86
MAR,2021,86
MAR,2022,96
MAR,2023,159
MCO,1960,162
MCO,1961,162
MCO,1962,162
MCO,1963,162
MCO,1964,162
MCO,1965,162
MCO,1966,162
MCO,1967,162
MCO,1968,162
MCO,1969,162
MCO,1970,158
MCO,1971,146
MCO,1972,139
MCO,1973,156
MCO,1974,156
MCO,1975,152
MCO,1976,158
MCO,1977,157
MCO,1978,140
MCO,1979,158
MCO,1980,158
MCO,1981,158
MCO,1982,158
MCO,1983,151
MCO,1984,158
MCO,1985,158
MCO,1986,157
MCO,1987,158
MCO,1988,153
MCO,1989,153
MCO,1990,149
MCO,1991,122
MCO,1992,116
MCO,1993,149
MCO,1994,130
MCO,1995,123
MCO,1996,124
MCO,1997,124
MCO,1998,127
MCO,1999,111
MCO,2000,124
MCO,2001,126
MCO,2002,149
MCO,2003,149
MCO,2004,127
MCO,2005,149
MCO,2006,149
MCO,2007,148
MCO,2008,128
MCO,2009,123
MCO,2010,129
MCO,2011,129
MCO,2012,126
MCO,2013,126
MCO,2014,126
MCO,2015,127
MCO,2016,100
MCO,2017,120
MCO,2018,124
MCO,2019,104
MCO,2020,117
MCO,2021,117
MCO,2022,126
MCO,2023,164
MDA,1960,162
MDA,1961,162
MDA,1962,162
MDA,1963,162
MDA,1964,162
MDA,1965,162
MDA,1966,162
MDA,1967,162
MDA,1968,162
MDA,1969,162
MDA,1970,158
MDA,1971,158
MDA,1972,158
MDA,1973,158
MDA,1974,158
MDA,1975,158
MDA,1976,158
MDA,1977,158
MDA,1978,158
MDA,1979,158
MDA,1980,158
MDA,1981,150
MDA,1982,157
MDA,1983,157
MDA,1984,157
MDA,1985,157
MDA,1986,147
MDA,1987,158
MDA,1988,158
MDA,1989,137
MDA,1990,134
MDA,1991,129
MDA,1992,128
MDA,1993,129
MDA,1994,123
MDA,1995,120
MDA,1996,128
MDA,1997,127
MDA,1998,144
MDA,1999,117
MDA,2000,77
MDA,2001,81
MDA,2002,71
MDA,2003,71
MDA,2004,71
MDA,2005,64
MDA,2006,64
MDA,2007,43
MDA,2008,43
MDA,2009,43
MDA,2010,43
MDA,2011,42
MDA,2012,39
MDA,2013,45
MDA,2014,33
MDA,2015,41
MDA,2016,57
MDA,2017,58
MDA,2018,40
MDA,2019,63
MDA,2020,84
MDA,2021,77
MDA,2022,118
MDA,2023,159
MDG,1960,162
MDG,1961,162
MDG,1962,162
MDG,1963,162
MDG,1964,162
MDG,1965,162
MDG,1966,162
MDG,1967,162
MDG,1968,162
MDG,1969,162
MDG,1970,158
MDG,1971,108
MDG,1972,99
MDG,1973,129
MDG,1974,120
MDG,1975,130
MDG,1976,139
MDG,1977,138
MDG,1978,142
MDG,1979,136
MDG,1980,140
MDG,1981,141
MDG,1982,141
MDG,1983,141
MDG,1984,142
MDG,1985,137
MDG,1986,153
MDG,1987,152
MDG,1988,111
MDG,1989,94
MDG,1990,86
MDG,1991,110
MDG,1992,119
MDG,1993,109
MDG,1994,109
MDG,1995,93
MDG,1996,101
MDG,1997,133
MDG,1998,99
MDG,1999,87
MDG,2000,77
MDG,2001,81
MDG,2002,87
MDG,2003,81
MDG,2004,102
MDG,2005,64
MDG,2006,71
MDG,2007,70
MDG,2008,68
MDG,2009,68
MDG,2010,92
MDG,2011,73
MDG,2012,60
MDG,2013,91
MDG,2014,62
MDG,2015,71
MDG,2016,80
MDG,2017,81
MDG,2018,29
MDG,2019,89
MDG,2020,115
MDG,2021,102
MDG,2022,122
MDG,2023,159
MDV,1960,162
MDV,1961,162
MDV,1962,162
MDV,1963,162
MDV,1964,162
MDV,1965,162
MDV,1966,162
MDV,1967,162
MDV,1968,162
MDV,1969,162
MDV,1970,141
MDV,1971,140
MDV,1972,158
MDV,1973,158
MDV,1974,156
MDV,1975,156
MDV,1976,156
MDV,1977,146
MDV,1978,156
MDV,1979,158
MDV,1980,152
MDV,1981,153
MDV,1982,151
MDV,1983,154
MDV,1984,158
MDV,1985,150
MDV,1986,155
MDV,1987,158
MDV,1988,158
MDV,1989,157
MDV,1990,143
MDV,1991,145
MDV,1992,133
MDV,1993,134
MDV,1994,132
MDV,1995,122
MDV,1996,127
MDV,1997,104
MDV,1998,101
MDV,1999,77
MDV,2000,67
MDV,2001,85
MDV,2002,72
MDV,2003,92
MDV,2004,96
MDV,2005,91
MDV,2006,71
MDV,2007,94
MDV,2008,86
MDV,2009,93
MDV,2010,74
MDV,2011,78
MDV,2012,68
MDV,2013,74
MDV,2014,65
MDV,2015,67
MDV,2016,52
MDV,2017,50
MDV,2018,86
MDV,2019,84
MDV,2020,124
MDV,2021,134
MDV,2022,149
MDV,2023,159
MEX,1960,162
MEX,1961,162
MEX,1962,162
MEX,1963,162
MEX,1964,162
MEX,1965,162
MEX,1966,162
MEX,1967,162
MEX,1968,162
MEX,1969,162
MEX,1970,158
MEX,1971,112
MEX,1972,128
MEX,1973,154
MEX,1974,131
MEX,1975,117
MEX,1976,111
MEX,1977,108
MEX,1978,120
MEX,1979,132
MEX,1980,110
MEX,1981,120
MEX,1982,120
MEX,1983,121
MEX,1984,121
MEX,1985,120
MEX,1986,116
MEX,1987,116
MEX,1988,116
MEX,1989,112
MEX,1990,85
MEX,1991,98
MEX,1992,96
MEX,1993,89
MEX,1994,79
MEX,1995,82
MEX,1996,87
MEX,1997,85
MEX,1998,84
MEX,1999,65
MEX,2000,47
MEX,2001,67
MEX,2002,42
MEX,2003,58
MEX,2004,34
MEX,2005,34
MEX,2006,32
MEX,2007,34
MEX,2008,37
MEX,2009,37
MEX,2010,25
MEX,2011,49
MEX,2012,37
MEX,2013,20
MEX,2014,20
MEX,2015,20
MEX,2016,23
MEX,2017,26
MEX,2018,55
MEX,2019,92
MEX,2020,55
MEX,2021,107
MEX,2022,151
MEX,2023,159
MHL,1960,162
MHL,1961,162
MHL,1962,162
MHL,1963,162
MHL,1964,162
MHL,1965,162
MHL,1966,162
MHL,1967,162
MHL,1968,162
MHL,1969,162
MHL,1970,158
MHL,1971,158
MHL,1972,158
MHL,1973,158
MHL,1974,158
MHL,1975,158
MHL,1976,158
MHL,1977,158
MHL,1978,158
MHL,1979,158
MHL,1980,158
MHL,1981,158
MHL,1982,158
MHL,1983,158
MHL,1984,158
MHL,1985,158
MHL,1986,158
MHL,1987,158
MHL,1988,158
MHL,1989,158
MHL,1990,150
MHL,1991,150
MHL,1992,150
MHL,1993,150
MHL,1994,150
MHL,1995,150
MHL,1996,150
MHL,1997,150
MHL,1998,149
MHL,1999,110
MHL,2000,148
MHL,2001,148
MHL,2002,71
MHL,2003,119
MHL,2004,133
MHL,2005,125
MHL,2006,117
MHL,2007,111
MHL,2008,114
MHL,2009,120
MHL,2010,148
MHL,2011,85
MHL,2012,142
MHL,2013,148
MHL,2014,148
MHL,2015,106
MHL,2016,94
MHL,2017,146
MHL,2018,146
MHL,2019,104
MHL,2020,104
MHL,2021,104
MHL,2022,106
MHL,2023,164
MKD,1960,162
MKD,1961,162
MKD,1962,162
MKD,1963,162
MKD,1964,162
MKD,1965,162
MKD,1966,162
MKD,1967,162
MKD,1968,162
MKD,1969,162
MKD,1970,158
MKD,1971,157
MKD,1972,158
MKD,1973,158
MKD,1974,158
MKD,1975,158
MKD,1976,157
MKD,1977,158
MKD,1978,158
MKD,1979,158
MKD,1980,158
MKD,1981,157
MKD,1982,157
MKD,1983,157
MKD,1984,157
MKD,1985,157
MKD,1986,157
MKD,1987,157
MKD,1988,157
MKD,1989,153
MKD,1990,145
MKD,1991,140
MKD,1992,136
MKD,1993,107
MKD,1994,94
MKD,1995,96
MKD,1996,94
MKD,1997,103
MKD,1998,84
MKD,1999,75
MKD,2000,79
MKD,2001,79
MKD,2002,49
MKD,2003,74
MKD,2004,73
MKD,2005,66
MKD,2006,85
MKD,2007,76
MKD,2008,79
MKD,2009,76
MKD,2010,82
MKD,2011,129
MKD,2012,72
MKD,2013,74
MKD,2014,75
MKD,2015,80
MKD,2016,137
MKD,2017,73
MKD,2018,87
MKD,2019,97
MKD,2020,75
MKD,2021,111
MKD,2022,151
MKD,2023,159
MLI,1960,162
MLI,1961,162
MLI,1962,162
MLI,1963,162
MLI,1964,162
MLI,1965,162
MLI,1966,162
MLI,1967,162
MLI,1968,162
MLI,1969,162
MLI,1970,158
MLI,1971,100
MLI,1972,123
MLI,1973,124
MLI,1974,126
MLI,1975,135
MLI,1976,108
MLI,1977,128
MLI,1978,118
MLI,1979,121
MLI,1980,112
MLI,1981,121
MLI,1982,122
MLI,1983,119
MLI,1984,115
MLI,1985,124
MLI,1986,125
MLI,1987,111
MLI,1988,125
MLI,1989,134
MLI,1990,125
MLI,1991,113
MLI,1992,120
MLI,1993,120
MLI,1994,124
MLI,1995,116
MLI,1996,116
MLI,1997,116
MLI,1998,101
MLI,1999,71
MLI,2000,93
MLI,2001,100
MLI,2002,86
MLI,2003,76
MLI,2004,79
MLI,2005,76
MLI,2006,72
MLI,2007,77
MLI,2008,53
MLI,2009,46
MLI,2010,47
MLI,2011,25
MLI,2012,85
MLI,2013,80
MLI,2014,61
MLI,2015,25
MLI,2016,36
MLI,2017,59
MLI,2018,51
MLI,2019,123
MLI,2020,87
MLI,2021,128
MLI,2022,149
MLI,2023,159
MLT,1960,162
MLT,1961,162
MLT,1962,162
MLT,1963,162
MLT,1964,162
MLT,1965,162
MLT,1966,162
MLT,1967,162
MLT,1968,162
MLT,1969,162
MLT,1970,155
MLT,1971,91
MLT,1972,87
MLT,1973,85
MLT,1974,86
MLT,1975,90
MLT,1976,83
MLT,1977,85
MLT,1978,89
MLT,1979,92
MLT,1980,88
MLT,1981,89
MLT,1982,87
MLT,1983,89
MLT,1984,83
MLT,1985,77
MLT,1986,86
MLT,1987,87
MLT,1988,87
MLT,1989,87
MLT,1990,75
MLT,1991,64
MLT,1992,67
MLT,1993,77
MLT,1994,71
MLT,1995,68
MLT,1996,70
MLT,1997,70
MLT,1998,72
MLT,1999,84
MLT,2000,66
MLT,2001,81
MLT,2002,71
MLT,2003,90
MLT,2004,77
MLT,2005,65
MLT,2006,80
MLT,2007,56
MLT,2008,74
MLT,2009,101
MLT,2010,59
MLT,2011,45
MLT,2012,46
MLT,2013,36
MLT,2014,35
MLT,2015,40
MLT,2016,41
MLT,2017,66
MLT,2018,77
MLT,2019,88
MLT,2020,68
MLT,2021,97
MLT,2022,151
MLT,2023,159
MMR,1960,162
MMR,1961,162
MMR,1962,162
MMR,1963,162
MMR,1964,162
MMR,1965,162
MMR,1966,162
MMR,1967,162
MMR,1968,162
MMR,1969,162
MMR,1970,158
MMR,1971,97
MMR,1972,113
MMR,1973,89
MMR,1974,120
MMR,1975,151
MMR,1976,133
MMR,1977,131
MMR,1978,120
MMR,1979,143
MMR,1980,148
MMR,1981,141
MMR,1982,140
MMR,1983,128
MMR,1984,140
MMR,1985,140
MMR,1986,131
MMR,1987,132
MMR,1988,132
MMR,1989,132
MMR,1990,124
MMR,1991,120
MMR,1992,115
MMR,1993,115
MMR,1994,118
MMR,1995,117
MMR,1996,142
MMR,1997,142
MMR,1998,137
MMR,1999,86
MMR,2000,57
MMR,2001,61
MMR,2002,64
MMR,2003,70
MMR,2004,73
MMR,2005,84
MMR,2006,65
MMR,2007,81
MMR,2008,75
MMR,2009,60
MMR,2010,66
MMR,2011,128
MMR,2012,135
MMR,2013,141
MMR,2014,99
MMR,2015,141
MMR,2016,84
MMR,2017,74
MMR,2018,64
MMR,2019,103
MMR,2020,143
MMR,2021,143
MMR,2022,151
MMR,2023,159
MNE,1960,162
MNE,1961,162
MNE,1962,162
MNE,1963,162
MNE,1964,162
MNE,1965,162
MNE,1966,162
MNE,1967,162
MNE,1968,162
MNE,1969,162
MNE,1970,158
MNE,1971,158
MNE,1972,158
MNE,1973,158
MNE,1974,158
MNE,1975,158
MNE,1976,158
MNE,1977,158
MNE,1978,158
MNE,1979,158
MNE,1980,158
MNE,1981,151
MNE,1982,158
MNE,1983,158
MNE,1984,158
MNE,1985,158
MNE,1986,158
MNE,1987,158
MNE,1988,158
MNE,1989,158
MNE,1990,150
MNE,1991,138
MNE,1992,145
MNE,1993,145
MNE,1994,145
MNE,1995,145
MNE,1996,145
MNE,1997,145
MNE,1998,145
MNE,1999,145
MNE,2000,140
MNE,2001,131
MNE,2002,131
MNE,2003,80
MNE,2004,114
MNE,2005,98
MNE,2006,99
MNE,2007,100
MNE,2008,99
MNE,2009,113
MNE,2010,113
MNE,2011,72
MNE,2012,89
MNE,2013,134
MNE,2014,138
MNE,2015,74
MNE,2016,69
MNE,2017,69
MNE,2018,72
MNE,2019,105
MNE,2020,101
MNE,2021,94
MNE,2022,124
MNE,2023,159
MNG,1960,162
MNG,1961,162
MNG,1962,162
MNG,1963,162
MNG,1964,162
MNG,1965,162
MNG,1966,162
MNG,1967,162
MNG,1968,162
MNG,1969,162
MNG,1970,156
MNG,1971,146
MNG,1972,144
MNG,1973,148
MNG,1974,142
MNG,1975,127
MNG,1976,132
MNG,1977,155
MNG,1978,141
MNG,1979,132
MNG,1980,118
MNG,1981,137
MNG,1982,143
MNG,1983,125
MNG,1984,147
MNG,1985,147
MNG,1986,135
MNG,1987,139
MNG,1988,148
MNG,1989,148
MNG,1990,137
MNG,1991,116
MNG,1992,121
MNG,1993,115
MNG,1994,115
MNG,1995,73
MNG,1996,69
MNG,1997,67
MNG,1998,60
MNG,1999,47
MNG,2000,23
MNG,2001,49
MNG,2002,45
MNG,2003,51
MNG,2004,47
MNG,2005,60
MNG,2006,59
MNG,2007,76
MNG,2008,92
MNG,2009,79
MNG,2010,39
MNG,2011,88
MNG,2012,82
MNG,2013,85
MNG,2014,79
MNG,2015,76
MNG,2016,69
MNG,2017,72
MNG,2018,52
MNG,2019,91
MNG,2020,75
MNG,2021,106
MNG,2022,114
MNG,2023,159
MNP,1960,162
MNP,1961,162
MNP,1962,162
MNP,1963,162
MNP,1964,162
MNP,1965,162
MNP,1966,162
MNP,1967,162
MNP,1968,162
MNP,1969,162
MNP,1970,162
MNP,1971,162
MNP,1972,162
MNP,1973,162
MNP,1974,162
MNP,1975,162
MNP,1976,162
MNP,1977,162
MNP,1978,162
MNP,1979,162
MNP,1980,162
MNP,1981,162
MNP,1982,162
MNP,1983,162
MNP,1984,162
MNP,1985,162
MNP,1986,162
MNP,1987,162
MNP,1988,162
MNP,1989,162
MNP,1990,162
MNP,1991,162
MNP,1992,162
MNP,1993,162
MNP,1994,162
MNP,1995,162
MNP,1996,162
MNP,1997,162
MNP,1998,162
MNP,1999,162
MNP,2000,162
MNP,2001,162
MNP,2002,162
MNP,2003,162
MNP,2004,162
MNP,2005,162
MNP,2006,162
MNP,2007,162
MNP,2008,162
MNP,2009,162
MNP,2010,162
MNP,2011,162
MNP,2012,162
MNP,2013,162
MNP,2014,162
MNP,2015,162
MNP,2016,162
MNP,2017,162
MNP,2018,162
MNP,2019,162
MNP,2020,162
MNP,2021,162
MNP,2022,162
MNP,2023,164
MOZ,1960,162
MOZ,1961,162
MOZ,1962,162
MOZ,1963,162
MOZ,1964,162
MOZ,1965,162
MOZ,1966,162
MOZ,1967,162
MOZ,1968,162
MOZ,1969,162
MOZ,1970,158
MOZ,1971,142
MOZ,1972,144
MOZ,1973,100
MOZ,1974,158
MOZ,1975,156
MOZ,1976,157
MOZ,1977,135
MOZ,1978,138
MOZ,1979,121
MOZ,1980,133
MOZ,1981,120
MOZ,1982,95
MOZ,1983,100
MOZ,1984,132
MOZ,1985,91
MOZ,1986,97
MOZ,1987,102
MOZ,1988,129
MOZ,1989,115
MOZ,1990,105
MOZ,1991,87
MOZ,1992,72
MOZ,1993,72
MOZ,1994,71
MOZ,1995,80
MOZ,1996,140
MOZ,1997,138
MOZ,1998,102
MOZ,1999,74
MOZ,2000,78
MOZ,2001,78
MOZ,2002,84
MOZ,2003,133
MOZ,2004,69
MOZ,2005,59
MOZ,2006,42
MOZ,2007,53
MOZ,2008,53
MOZ,2009,41
MOZ,2010,59
MOZ,2011,47
MOZ,2012,49
MOZ,2013,42
MOZ,2014,59
MOZ,2015,48
MOZ,2016,93
MOZ,2017,49
MOZ,2018,85
MOZ,2019,107
MOZ,2020,83
MOZ,2021,134
MOZ,2022,127
MOZ,2023,159
MRT,1960,162
MRT,1961,162
MRT,1962,162
MRT,1963,162
MRT,1964,162
MRT,1965,162
MRT,1966,162
MRT,1967,162
MRT,1968,162
MRT,1969,162
MRT,1970,158
MRT,1971,146
MRT,1972,144
MRT,1973,154
MRT,1974,154
MRT,1975,152
MRT,1976,140
MRT,1977,134
MRT,1978,124
MRT,1979,131
MRT,1980,141
MRT,1981,126
MRT,1982,148
MRT,1983,143
MRT,1984,148
MRT,1985,130
MRT,1986,130
MRT,1987,121
MRT,1988,109
MRT,1989,113
MRT,1990,105
MRT,1991,98
MRT,1992,98
MRT,1993,94
MRT,1994,79
MRT,1995,80
MRT,1996,89
MRT,1997,101
MRT,1998,84
MRT,1999,78
MRT,2000,96
MRT,2001,66
MRT,2002,78
MRT,2003,81
MRT,2004,61
MRT,2005,62
MRT,2006,51
MRT,2007,87
MRT,2008,75
MRT,2009,81
MRT,2010,85
MRT,2011,75
MRT,2012,66
MRT,2013,40
MRT,2014,62
MRT,2015,69
MRT,2016,64
MRT,2017,70
MRT,2018,72
MRT,2019,92
MRT,2020,125
MRT,2021,134
MRT,2022,149
MRT,2023,159
MUS,1960,162
MUS,1961,162
MUS,1962,162
MUS,1963,162
MUS,1964,162
MUS,1965,162
MUS,1966,162
MUS,1967,162
MUS,1968,162
MUS,1969,162
MUS,1970,138
MUS,1971,120
MUS,1972,96
MUS,1973,102
MUS,1974,105
MUS,1975,103
MUS,1976,106
MUS,1977,102
MUS,1978,102
MUS,1979,106
MUS,1980,108
MUS,1981,105
MUS,1982,96
MUS,1983,90
MUS,1984,95
MUS,1985,99
MUS,1986,91
MUS,1987,95
MUS,1988,99
MUS,1989,95
MUS,1990,64
MUS,1991,85
MUS,1992,109
MUS,1993,98
MUS,1994,101
MUS,1995,97
MUS,1996,88
MUS,1997,89
MUS,1998,68
MUS,1999,70
MUS,2000,48
MUS,2001,61
MUS,2002,63
MUS,2003,76
MUS,2004,60
MUS,2005,62
MUS,2006,67
MUS,2007,70
MUS,2008,63
MUS,2009,59
MUS,2010,60
MUS,2011,41
MUS,2012,52
MUS,2013,47
MUS,2014,51
MUS,2015,48
MUS,2016,59
MUS,2017,51
MUS,2018,58
MUS,2019,86
MUS,2020,88
MUS,2021,92
MUS,2022,145
MUS,2023,159
MWI,1960,162
MWI,1961,162
MWI,1962,162
MWI,1963,162
MWI,1964,162
MWI,1965,162
MWI,1966,162
MWI,1967,162
MWI,1968,162
MWI,1969,162
MWI,1970,158
MWI,1971,152
MWI,1972,138
MWI,1973,127
MWI,1974,121
MWI,1975,115
MWI,1976,115
MWI,1977,106
MWI,1978,118
MWI,1979,118
MWI,1980,115
MWI,1981,115
MWI,1982,115
MWI,1983,115
MWI,1984,115
MWI,1985,115
MWI,1986,111
MWI,1987,92
MWI,1988,112
MWI,1989,111
MWI,1990,103
MWI,1991,103
MWI,1992,110
MWI,1993,103
MWI,1994,111
MWI,1995,98
MWI,1996,107
MWI,1997,144
MWI,1998,112
MWI,1999,73
MWI,2000,98
MWI,2001,98
MWI,2002,106
MWI,2003,137
MWI,2004,93
MWI,2005,90
MWI,2006,82
MWI,2007,64
MWI,2008,78
MWI,2009,87
MWI,2010,60
MWI,2011,70
MWI,2012,79
MWI,2013,76
MWI,2014,73
MWI,2015,69
MWI,2016,106
MWI,2017,119
MWI,2018,96
MWI,2019,121
MWI,2020,123
MWI,2021,125
MWI,2022,121
MWI,2023,159
MYS,1960,162
MYS,1961,162
MYS,1962,162
MYS,1963,162
MYS,1964,162
MYS,1965,162
MYS,1966,162
MYS,1967,162
MYS,1968,162
MYS,1969,162
MYS,1970,114
MYS,1971,122
MYS,1972,126
MYS,1973,154
MYS,1974,135
MYS,1975,143
MYS,1976,148
MYS,1977,149
MYS,1978,149
MYS,1979,132
MYS,1980,89
MYS,1981,115
MYS,1982,109
MYS,1983,112
MYS,1984,107
MYS,1985,113
MYS,1986,138
MYS,1987,109
MYS,1988,109
MYS,1989,109
MYS,1990,107
MYS,1991,98
MYS,1992,100
MYS,1993,105
MYS,1994,102
MYS,1995,113
MYS,1996,108
MYS,1997,129
MYS,1998,79
MYS,1999,75
MYS,2000,52
MYS,2001,63
MYS,2002,55
MYS,2003,60
MYS,2004,54
MYS,2005,53
MYS,2006,52
MYS,2007,55
MYS,2008,58
MYS,2009,44
MYS,2010,46
MYS,2011,63
MYS,2012,56
MYS,2013,51
MYS,2014,64
MYS,2015,74
MYS,2016,30
MYS,2017,52
MYS,2018,69
MYS,2019,55
MYS,2020,81
MYS,2021,89
MYS,2022,107
MYS,2023,159
NAM,1960,162
NAM,1961,162
NAM,1962,162
NAM,1963,162
NAM,1964,162
NAM,1965,162
NAM,1966,162
NAM,1967,162
NAM,1968,162
NAM,1969,162
NAM,1970,155
NAM,1971,155
NAM,1972,155
NAM,1973,155
NAM,1974,155
NAM,1975,155
NAM,1976,155
NAM,1977,155
NAM,1978,155
NAM,1979,155
NAM,1980,155
NAM,1981,155
NAM,1982,155
NAM,1983,155
NAM,1984,155
NAM,1985,155
NAM,1986,148
NAM,1987,148
NAM,1988,148
NAM,1989,128
NAM,1990,115
NAM,1991,94
NAM,1992,89
NAM,1993,115
NAM,1994,100
NAM,1995,103
NAM,1996,110
NAM,1997,100
NAM,1998,71
NAM,1999,55
NAM,2000,65
NAM,2001,45
NAM,2002,65
NAM,2003,69
NAM,2004,76
NAM,2005,66
NAM,2006,68
NAM,2007,90
NAM,2008,78
NAM,2009,93
NAM,2010,88
NAM,2011,131
NAM,2012,84
NAM,2013,98
NAM,2014,125
NAM,2015,120
NAM,2016,120
NAM,2017,94
NAM,2018,105
NAM,2019,125
NAM,2020,124
NAM,2021,121
NAM,2022,128
NAM,2023,159
NCL,1960,162
NCL,1961,162
NCL,1962,162
NCL,1963,162
NCL,1964,162
NCL,1965,162
NCL,1966,162
NCL,1967,162
NCL,1968,162
NCL,1969,162
NCL,1970,137
NCL,1971,141
NCL,1972,144
NCL,1973,144
NCL,1974,145
NCL,1975,146
NCL,1976,138
NCL,1977,148
NCL,1978,148
NCL,1979,146
NCL,1980,150
NCL,1981,145
NCL,1982,119
NCL,1983,121
NCL,1984,123
NCL,1985,121
NCL,1986,126
NCL,1987,122
NCL,1988,114
NCL,1989,105
NCL,1990,123
NCL,1991,127
NCL,1992,147
NCL,1993,147
NCL,1994,147
NCL,1995,149
NCL,1996,142
NCL,1997,140
NCL,1998,152
NCL,1999,152
NCL,2000,155
NCL,2001,155
NCL,2002,155
NCL,2003,155
NCL,2004,155
NCL,2005,155
NCL,2006,148
NCL,2007,155
NCL,2008,155
NCL,2009,155
NCL,2010,155
NCL,2011,155
NCL,2012,155
NCL,2013,155
NCL,2014,155
NCL,2015,155
NCL,2016,155
NCL,2017,153
NCL,2018,152
NCL,2019,152
NCL,2020,152
NCL,2021,152
NCL,2022,152
NCL,2023,159
NER,1960,162
NER,1961,162
NER,1962,162
NER,1963,162
NER,1964,162
NER,1965,162
NER,1966,162
NER,1967,162
NER,1968,162
NER,1969,162
NER,1970,158
NER,1971,105
NER,1972,110
NER,1973,87
NER,1974,81
NER,1975,102
NER,1976,99
NER,1977,85
NER,1978,97
NER,1979,106
NER,1980,108
NER,1981,99
NER,1982,121
NER,1983,122
NER,1984,122
NER,1985,128
NER,1986,114
NER,1987,127
NER,1988,134
NER,1989,87
NER,1990,71
NER,1991,70
NER,1992,76
NER,1993,108
NER,1994,135
NER,1995,110
NER,1996,92
NER,1997,75
NER,1998,82
NER,1999,62
NER,2000,68
NER,2001,53
NER,2002,59
NER,2003,44
NER,2004,52
NER,2005,59
NER,2006,38
NER,2007,51
NER,2008,49
NER,2009,52
NER,2010,38
NER,2011,55
NER,2012,29
NER,2013,58
NER,2014,57
NER,2015,46
NER,2016,58
NER,2017,59
NER,2018,80
NER,2019,110
NER,2020,128
NER,2021,104
NER,2022,143
NER,2023,159
NGA,1960,162
NGA,1961,162
NGA,1962,162
NGA,1963,162
NGA,1964,162
NGA,1965,162
NGA,1966,162
NGA,1967,162
NGA,1968,162
NGA,1969,162
NGA,1970,133
NGA,1971,137
NGA,1972,133
NGA,1973,138
NGA,1974,154
NGA,1975,153
NGA,1976,148
NGA,1977,136
NGA,1978,136
NGA,1979,136
NGA,1980,136
NGA,1981,132
NGA,1982,132
NGA,1983,136
NGA,1984,136
NGA,1985,140
NGA,1986,132
NGA,1987,138
NGA,1988,141
NGA,1989,129
NGA,1990,126
NGA,1991,124
NGA,1992,131
NGA,1993,131
NGA,1994,131
NGA,1995,136
NGA,1996,136
NGA,1997,145
NGA,1998,145
NGA,1999,91
NGA,2000,99
NGA,2001,115
NGA,2002,124
NGA,2003,106
NGA,2004,82
NGA,2005,84
NGA,2006,52
NGA,2007,91
NGA,2008,84
NGA,2009,95
NGA,2010,74
NGA,2011,116
NGA,2012,128
NGA,2013,122
NGA,2014,125
NGA,2015,126
NGA,2016,111
NGA,2017,129
NGA,2018,87
NGA,2019,124
NGA,2020,128
NGA,2021,116
NGA,2022,151
NGA,2023,159
NIC,1960,162
NIC,1961,162
NIC,1962,162
NIC,1963,162
NIC,1964,162
NIC,1965,162
NIC,1966,162
NIC,1967,162
NIC,1968,162
NIC,1969,162
NIC,1970,103
NIC,1971,86
NIC,1972,107
NIC,1973,100
NIC,1974,125
NIC,1975,126
NIC,1976,127
NIC,1977,111
NIC,1978,119
NIC,1979,116
NIC,1980,96
NIC,1981,158
NIC,1982,91
NIC,1983,89
NIC,1984,82
NIC,1985,89
NIC,1986,88
NIC,1987,79
NIC,1988,99
NIC,1989,102
NIC,1990,107
NIC,1991,99
NIC,1992,92
NIC,1993,93
NIC,1994,90
NIC,1995,94
NIC,1996,126
NIC,1997,124
NIC,1998,116
NIC,1999,56
NIC,2000,53
NIC,2001,39
NIC,2002,55
NIC,2003,114
NIC,2004,56
NIC,2005,38
NIC,2006,48
NIC,2007,60
NIC,2008,66
NIC,2009,130
NIC,2010,51
NIC,2011,130
NIC,2012,130
NIC,2013,128
NIC,2014,116
NIC,2015,121
NIC,2016,128
NIC,2017,133
NIC,2018,129
NIC,2019,129
NIC,2020,129
NIC,2021,134
NIC,2022,130
NIC,2023,159
NLD,1960,162
NLD,1961,162
NLD,1962,162
NLD,1963,162
NLD,1964,162
NLD,1965,162
NLD,1966,162
NLD,1967,162
NLD,1968,162
NLD,1969,162
NLD,1970,154
NLD,1971,70
NLD,1972,79
NLD,1973,87
NLD,1974,87
NLD,1975,79
NLD,1976,79
NLD,1977,79
NLD,1978,80
NLD,1979,80
NLD,1980,80
NLD,1981,83
NLD,1982,79
NLD,1983,79
NLD,1984,79
NLD,1985,88
NLD,1986,97
NLD,1987,97
NLD,1988,97
NLD,1989,101
NLD,1990,89
NLD,1991,84
NLD,1992,86
NLD,1993,85
NLD,1994,89
NLD,1995,94
NLD,1996,94
NLD,1997,98
NLD,1998,111
NLD,1999,103
NLD,2000,110
NLD,2001,108
NLD,2002,100
NLD,2003,100
NLD,2004,88
NLD,2005,83
NLD,2006,98
NLD,2007,85
NLD,2008,87
NLD,2009,87
NLD,2010,87
NLD,2011,72
NLD,2012,72
NLD,2013,107
NLD,2014,106
NLD,2015,57
NLD,2016,55
NLD,2017,78
NLD,2018,78
NLD,2019,106
NLD,2020,78
NLD,2021,112
NLD,2022,151
NLD,2023,159
NOR,1960,162
NOR,1961,162
NOR,1962,162
NOR,1963,162
NOR,1964,162
NOR,1965,162
NOR,1966,162
NOR,1967,162
NOR,1968,162
NOR,1969,162
NOR,1970,149
NOR,1971,111
NOR,1972,114
NOR,1973,108
NOR,1974,117
NOR,1975,107
NOR,1976,98
NOR,1977,103
NOR,1978,96
NOR,1979,100
NOR,1980,101
NOR,1981,95
NOR,1982,101
NOR,1983,131
NOR,1984,96
NOR,1985,95
NOR,1986,96
NOR,1987,96
NOR,1988,96
NOR,1989,95
NOR,1990,78
NOR,1991,86
NOR,1992,84
NOR,1993,92
NOR,1994,98
NOR,1995,95
NOR,1996,100
NOR,1997,91
NOR,1998,72
NOR,1999,75
NOR,2000,75
NOR,2001,73
NOR,2002,71
NOR,2003,69
NOR,2004,57
NOR,2005,57
NOR,2006,58
NOR,2007,55
NOR,2008,54
NOR,2009,54
NOR,2010,54
NOR,2011,52
NOR,2012,79
NOR,2013,61
NOR,2014,33
NOR,2015,32
NOR,2016,29
NOR,2017,40
NOR,2018,90
NOR,2019,66
NOR,2020,90
NOR,2021,106
NOR,2022,151
NOR,2023,159
NPL,1960,162
NPL,1961,162
NPL,1962,162
NPL,1963,162
NPL,1964,162
NPL,1965,162
NPL,1966,162
NPL,1967,162
NPL,1968,162
NPL,1969,162
NPL,1970,148
NPL,1971,149
NPL,1972,152
NPL,1973,152
NPL,1974,151
NPL,1975,153
NPL,1976,150
NPL,1977,148
NPL,1978,152
NPL,1979,151
NPL,1980,150
NPL,1981,127
NPL,1982,140
NPL,1983,116
NPL,1984,121
NPL,1985,140
NPL,1986,140
NPL,1987,140
NPL,1988,117
NPL,1989,136
NPL,1990,129
NPL,1991,99
NPL,1992,111
NPL,1993,124
NPL,1994,125
NPL,1995,125
NPL,1996,123
NPL,1997,134
NPL,1998,141
NPL,1999,67
NPL,2000,71
NPL,2001,66
NPL,2002,80
NPL,2003,60
NPL,2004,90
NPL,2005,102
NPL,2006,108
NPL,2007,93
NPL,2008,77
NPL,2009,102
NPL,2010,76
NPL,2011,41
NPL,2012,68
NPL,2013,63
NPL,2014,60
NPL,2015,56
NPL,2016,50
NPL,2017,73
NPL,2018,138
NPL,2019,62
NPL,2020,98
NPL,2021,85
NPL,2022,118
NPL,2023,159
NRU,1960,162
NRU,1961,162
NRU,1962,162
NRU,1963,162
NRU,1964,162
NRU,1965,162
NRU,1966,162
NRU,1967,162
NRU,1968,162
NRU,1969,162
NRU,1970,158
NRU,1971,139
NRU,1972,142
NRU,1973,142
NRU,1974,150
NRU,1975,157
NRU,1976,156
NRU,1977,154
NRU,1978,156
NRU,1979,154
NRU,1980,157
NRU,1981,157
NRU,1982,157
NRU,1983,157
NRU,1984,157
NRU,1985,124
NRU,1986,158
NRU,1987,158
NRU,1988,158
NRU,1989,158
NRU,1990,150
NRU,1991,144
NRU,1992,150
NRU,1993,150
NRU,1994,150
NRU,1995,150
NRU,1996,150
NRU,1997,150
NRU,1998,129
NRU,1999,148
NRU,2000,119
NRU,2001,110
NRU,2002,111
NRU,2003,119
NRU,2004,122
NRU,2005,119
NRU,2006,114
NRU,2007,99
NRU,2008,128
NRU,2009,148
NRU,2010,148
NRU,2011,145
NRU,2012,97
NRU,2013,145
NRU,2014,91
NRU,2015,138
NRU,2016,81
NRU,2017,146
NRU,2018,146
NRU,2019,117
NRU,2020,125
NRU,2021,147
NRU,2022,135
NRU,2023,164
NZL,1960,162
NZL,1961,162
NZL,1962,162
NZL,1963,162
NZL,1964,162
NZL,1965,162
NZL,1966,162
NZL,1967,162
NZL,1968,162
NZL,1969,162
NZL,1970,119
NZL,1971,116
NZL,1972,118
NZL,1973,109
NZL,1974,111
NZL,1975,112
NZL,1976,114
NZL,1977,107
NZL,1978,127
NZL,1979,111
NZL,1980,113
NZL,1981,104
NZL,1982,102
NZL,1983,112
NZL,1984,110
NZL,1985,113
NZL,1986,107
NZL,1987,108
NZL,1988,108
NZL,1989,108
NZL,1990,106
NZL,1991,82
NZL,1992,91
NZL,1993,118
NZL,1994,95
NZL,1995,103
NZL,1996,90
NZL,1997,102
NZL,1998,117
NZL,1999,119
NZL,2000,119
NZL,2001,116
NZL,2002,122
NZL,2003,120
NZL,2004,119
NZL,2005,118
NZL,2006,108
NZL,2007,119
NZL,2008,118
NZL,2009,113
NZL,2010,110
NZL,2011,99
NZL,2012,101
NZL,2013,83
NZL,2014,52
NZL,2015,52
NZL,2016,51
NZL,2017,83
NZL,2018,106
NZL,2019,103
NZL,2020,85
NZL,2021,109
NZL,2022,151
NZL,2023,159
OMN,1960,162
OMN,1961,162
OMN,1962,162
OMN,1963,162
OMN,1964,162
OMN,1965,162
OMN,1966,162
OMN,1967,162
OMN,1968,162
OMN,1969,162
OMN,1970,158
OMN,1971,139
OMN,1972,140
OMN,1973,122
OMN,1974,95
OMN,1975,95
OMN,1976,101
OMN,1977,117
OMN,1978,88
OMN,1979,97
OMN,1980,133
OMN,1981,107
OMN,1982,94
OMN,1983,88
OMN,1984,88
OMN,1985,87
OMN,1986,82
OMN,1987,82
OMN,1988,82
OMN,1989,81
OMN,1990,83
OMN,1991,79
OMN,1992,76
OMN,1993,74
OMN,1994,67
OMN,1995,67
OMN,1996,67
OMN,1997,70
OMN,1998,71
OMN,1999,61
OMN,2000,63
OMN,2001,58
OMN,2002,66
OMN,2003,58
OMN,2004,131
OMN,2005,116
OMN,2006,122
OMN,2007,121
OMN,2008,104
OMN,2009,74
OMN,2010,111
OMN,2011,75
OMN,2012,84
OMN,2013,77
OMN,2014,90
OMN,2015,47
OMN,2016,64
OMN,2017,48
OMN,2018,48
OMN,2019,85
OMN,2020,72
OMN,2021,86
OMN,2022,78
OMN,2023,159
PAK,1960,162
PAK,1961,162
PAK,1962,162
PAK,1963,162
PAK,1964,162
PAK,1965,162
PAK,1966,162
PAK,1967,162
PAK,1968,162
PAK,1969,162
PAK,1970,158
PAK,1971,124
PAK,1972,114
PAK,1973,130
PAK,1974,130
PAK,1975,126
PAK,1976,124
PAK,1977,126
PAK,1978,126
PAK,1979,126
PAK,1980,126
PAK,1981,117
PAK,1982,130
PAK,1983,130
PAK,1984,130
PAK,1985,130
PAK,1986,128
PAK,1987,124
PAK,1988,134
PAK,1989,130
PAK,1990,118
PAK,1991,131
PAK,1992,125
PAK,1993,140
PAK,1994,140
PAK,1995,140
PAK,1996,138
PAK,1997,140
PAK,1998,136
PAK,1999,141
PAK,2000,129
PAK,2001,131
PAK,2002,121
PAK,2003,110
PAK,2004,91
PAK,2005,67
PAK,2006,63
PAK,2007,78
PAK,2008,57
PAK,2009,55
PAK,2010,64
PAK,2011,54
PAK,2012,45
PAK,2013,34
PAK,2014,43
PAK,2015,61
PAK,2016,53
PAK,2017,39
PAK,2018,38
PAK,2019,70
PAK,2020,141
PAK,2021,97
PAK,2022,149
PAK,2023,159
PAN,1960,162
PAN,1961,162
PAN,1962,162
PAN,1963,162
PAN,1964,162
PAN,1965,162
PAN,1966,162
PAN,1967,162
PAN,1968,162
PAN,1969,162
PAN,1970,86
PAN,1971,89
PAN,1972,88
PAN,1973,88
PAN,1974,103
PAN,1975,88
PAN,1976,89
PAN,1977,104
PAN,1978,89
PAN,1979,91
PAN,1980,71
PAN,1981,88
PAN,1982,89
PAN,1983,88
PAN,1984,88
PAN,1985,88
PAN,1986,90
PAN,1987,88
PAN,1988,93
PAN,1989,103
PAN,1990,86
PAN,1991,134
PAN,1992,134
PAN,1993,134
PAN,1994,126
PAN,1995,129
PAN,1996,129
PAN,1997,140
PAN,1998,139
PAN,1999,48
PAN,2000,26
PAN,2001,34
PAN,2002,42
PAN,2003,118
PAN,2004,39
PAN,2005,43
PAN,2006,47
PAN,2007,50
PAN,2008,41
PAN,2009,40
PAN,2010,18
PAN,2011,36
PAN,2012,81
PAN,2013,66
PAN,2014,52
PAN,2015,61
PAN,2016,78
PAN,2017,55
PAN,2018,115
PAN,2019,86
PAN,2020,114
PAN,2021,98
PAN,2022,145
PAN,2023,159
PER,1960,162
PER,1961,162
PER,1962,162
PER,1963,162
PER,1964,162
PER,1965,162
PER,1966,162
PER,1967,162
PER,1968,162
PER,1969,162
PER,1970,93
PER,1971,131
PER,1972,117
PER,1973,116
PER,1974,124
PER,1975,122
PER,1976,122
PER,1977,109
PER,1978,115
PER,1979,111
PER,1980,102
PER,1981,76
PER,1982,126
PER,1983,143
PER,1984,145
PER,1985,121
PER,1986,143
PER,1987,143
PER,1988,138
PER,1989,143
PER,1990,135
PER,1991,116
PER,1992,120
PER,1993,86
PER,1994,130
PER,1995,82
PER,1996,119
PER,1997,123
PER,1998,69
PER,1999,65
PER,2000,51
PER,2001,51
PER,2002,58
PER,2003,52
PER,2004,44
PER,2005,42
PER,2006,40
PER,2007,52
PER,2008,48
PER,2009,47
PER,2010,52
PER,2011,48
PER,2012,56
PER,2013,49
PER,2014,54
PER,2015,50
PER,2016,40
PER,2017,44
PER,2018,48
PER,2019,88
PER,2020,89
PER,2021,85
PER,2022,119
PER,2023,159
PHL,1960,162
PHL,1961,162
PHL,1962,162
PHL,1963,162
PHL,1964,162
PHL,1965,162
PHL,1966,162
PHL,1967,162
PHL,1968,162
PHL,1969,162
PHL,1970,146
PHL,1971,138
PHL,1972,141
PHL,1973,140
PHL,1974,144
PHL,1975,135
PHL,1976,129
PHL,1977,147
PHL,1978,145
PHL,1979,138
PHL,1980,122
PHL,1981,106
PHL,1982,103
PHL,1983,96
PHL,1984,100
PHL,1985,111
PHL,1986,97
PHL,1987,102
PHL,1988,104
PHL,1989,104
PHL,1990,99
PHL,1991,125
PHL,1992,111
PHL,1993,118
PHL,1994,112
PHL,1995,113
PHL,1996,113
PHL,1997,113
PHL,1998,61
PHL,1999,72
PHL,2000,103
PHL,2001,50
PHL,2002,50
PHL,2003,45
PHL,2004,40
PHL,2005,50
PHL,2006,62
PHL,2007,56
PHL,2008,44
PHL,2009,67
PHL,2010,110
PHL,2011,131
PHL,2012,128
PHL,2013,100
PHL,2014,65
PHL,2015,59
PHL,2016,55
PHL,2017,38
PHL,2018,79
PHL,2019,46
PHL,2020,85
PHL,2021,87
PHL,2022,126
PHL,2023,159
PLW,1960,162
PLW,1961,162
PLW,1962,162
PLW,1963,162
PLW,1964,162
PLW,1965,162
PLW,1966,162
PLW,1967,162
PLW,1968,162
PLW,1969,162
PLW,1970,158
PLW,1971,158
PLW,1972,158
PLW,1973,158
PLW,1974,158
PLW,1975,158
PLW,1976,158
PLW,1977,158
PLW,1978,158
PLW,1979,158
PLW,1980,151
PLW,1981,158
PLW,1982,158
PLW,1983,158
PLW,1984,158
PLW,1985,158
PLW,1986,158
PLW,1987,158
PLW,1988,158
PLW,1989,158
PLW,1990,150
PLW,1991,150
PLW,1992,150
PLW,1993,150
PLW,1994,150
PLW,1995,150
PLW,1996,150
PLW,1997,150
PLW,1998,150
PLW,1999,117
PLW,2000,102
PLW,2001,136
PLW,2002,139
PLW,2003,139
PLW,2004,124
PLW,2005,143
PLW,2006,143
PLW,2007,141
PLW,2008,148
PLW,2009,148
PLW,2010,148
PLW,2011,148
PLW,2012,148
PLW,2013,89
PLW,2014,106
PLW,2015,141
PLW,2016,148
PLW,2017,148
PLW,2018,148
PLW,2019,148
PLW,2020,127
PLW,2021,121
PLW,2022,156
PLW,2023,164
PNG,1960,162
PNG,1961,162
PNG,1962,162
PNG,1963,162
PNG,1964,162
PNG,1965,162
PNG,1966,162
PNG,1967,162
PNG,1968,162
PNG,1969,162
PNG,1970,135
PNG,1971,136
PNG,1972,131
PNG,1973,142
PNG,1974,134
PNG,1975,131
PNG,1976,131
PNG,1977,130
PNG,1978,137
PNG,1979,137
PNG,1980,146
PNG,1981,137
PNG,1982,137
PNG,1983,154
PNG,1984,126
PNG,1985,154
PNG,1986,118
PNG,1987,115
PNG,1988,115
PNG,1989,103
PNG,1990,111
PNG,1991,102
PNG,1992,108
PNG,1993,116
PNG,1994,109
PNG,1995,108
PNG,1996,120
PNG,1997,121
PNG,1998,98
PNG,1999,138
PNG,2000,122
PNG,2001,126
PNG,2002,125
PNG,2003,129
PNG,2004,135
PNG,2005,135
PNG,2006,135
PNG,2007,144
PNG,2008,135
PNG,2009,144
PNG,2010,137
PNG,2011,144
PNG,2012,105
PNG,2013,144
PNG,2014,138
PNG,2015,144
PNG,2016,90
PNG,2017,142
PNG,2018,106
PNG,2019,144
PNG,2020,144
PNG,2021,144
PNG,2022,152
PNG,2023,159
POL,1960,162
POL,1961,162
POL,1962,162
POL,1963,162
POL,1964,162
POL,1965,162
POL,1966,162
POL,1967,162
POL,1968,162
POL,1969,162
POL,1970,148
POL,1971,137
POL,1972,127
POL,1973,128
POL,1974,128
POL,1975,137
POL,1976,137
POL,1977,137
POL,1978,122
POL,1979,138
POL,1980,138
POL,1981,137
POL,1982,137
POL,1983,137
POL,1984,137
POL,1985,137
POL,1986,137
POL,1987,137
POL,1988,121
POL,1989,127
POL,1990,120
POL,1991,113
POL,1992,114
POL,1993,110
POL,1994,112
POL,1995,111
POL,1996,113
POL,1997,111
POL,1998,101
POL,1999,84
POL,2000,85
POL,2001,73
POL,2002,64
POL,2003,66
POL,2004,74
POL,2005,64
POL,2006,62
POL,2007,67
POL,2008,45
POL,2009,39
POL,2010,34
POL,2011,35
POL,2012,37
POL,2013,26
POL,2014,22
POL,2015,76
POL,2016,52
POL,2017,60
POL,2018,76
POL,2019,82
POL,2020,78
POL,2021,105
POL,2022,151
POL,2023,159
PRI,1960,162
PRI,1961,162
PRI,1962,162
PRI,1963,162
PRI,1964,162
PRI,1965,162
PRI,1966,162
PRI,1967,162
PRI,1968,162
PRI,1969,162
PRI,1970,148
PRI,1971,147
PRI,1972,147
PRI,1973,148
PRI,1974,148
PRI,1975,146
PRI,1976,145
PRI,1977,146
PRI,1978,153
PRI,1979,157
PRI,1980,138
PRI,1981,157
PRI,1982,154
PRI,1983,157
PRI,1984,157
PRI,1985,157
PRI,1986,157
PRI,1987,157
PRI,1988,157
PRI,1989,157
PRI,1990,144
PRI,1991,152
PRI,1992,152
PRI,1993,152
PRI,1994,152
PRI,1995,152
PRI,1996,155
PRI,1997,152
PRI,1998,152
PRI,1999,152
PRI,2000,137
PRI,2001,152
PRI,2002,152
PRI,2003,152
PRI,2004,152
PRI,2005,143
PRI,2006,143
PRI,2007,139
PRI,2008,138
PRI,2009,131
PRI,2010,97
PRI,2011,88
PRI,2012,77
PRI,2013,75
PRI,2014,58
PRI,2015,65
PRI,2016,77
PRI,2017,120
PRI,2018,119
PRI,2019,151
PRI,2020,151
PRI,2021,144
PRI,2022,150
PRI,2023,159
PRK,1960,162
PRK,1961,162
PRK,1962,162
PRK,1963,162
PRK,1964,162
PRK,1965,162
PRK,1966,162
PRK,1967,162
PRK,1968,162
PRK,1969,162
PRK,1970,158
PRK,1971,158
PRK,1972,158
PRK,1973,158
PRK,1974,158
PRK,1975,157
PRK,1976,157
PRK,1977,157
PRK,1978,157
PRK,1979,157
PRK,1980,157
PRK,1981,157
PRK,1982,157
PRK,1983,157
PRK,1984,157
PRK,1985,157
PRK,1986,157
PRK,1987,157
PRK,1988,157
PRK,1989,157
PRK,1990,149
PRK,1991,144
PRK,1992,144
PRK,1993,144
PRK,1994,144
PRK,1995,144
PRK,1996,144
PRK,1997,144
PRK,1998,143
PRK,1999,143
PRK,2000,143
PRK,2001,143
PRK,2002,143
PRK,2003,143
PRK,2004,143
PRK,2005,143
PRK,2006,143
PRK,2007,143
PRK,2008,136
PRK,2009,105
PRK,2010,143
PRK,2011,142
PRK,2012,143
PRK,2013,143
PRK,2014,143
PRK,2015,118
PRK,2016,143
PRK,2017,143
PRK,2018,116
PRK,2019,143
PRK,2020,143
PRK,2021,143
PRK,2022,151
PRK,2023,159
PRT,1960,162
PRT,1961,162
PRT,1962,162
PRT,1963,162
PRT,1964,162
PRT,1965,162
PRT,1966,162
PRT,1967,162
PRT,1968,162
PRT,1969,162
PRT,1970,143
PRT,1971,119
PRT,1972,110
PRT,1973,77
PRT,1974,77
PRT,1975,104
PRT,1976,86
PRT,1977,101
PRT,1978,93
PRT,1979,121
PRT,1980,106
PRT,1981,93
PRT,1982,132
PRT,1983,132
PRT,1984,121
PRT,1985,119
PRT,1986,114
PRT,1987,122
PRT,1988,133
PRT,1989,152
PRT,1990,111
PRT,1991,68
PRT,1992,119
PRT,1993,100
PRT,1994,97
PRT,1995,107
PRT,1996,111
PRT,1997,144
PRT,1998,100
PRT,1999,83
PRT,2000,68
PRT,2001,69
PRT,2002,76
PRT,2003,70
PRT,2004,60
PRT,2005,56
PRT,2006,54
PRT,2007,60
PRT,2008,60
PRT,2009,58
PRT,2010,64
PRT,2011,55
PRT,2012,67
PRT,2013,60
PRT,2014,52
PRT,2015,42
PRT,2016,48
PRT,2017,46
PRT,2018,58
PRT,2019,66
PRT,2020,66
PRT,2021,108
PRT,2022,152
PRT,2023,159
PRY,1960,162
PRY,1961,162
PRY,1962,162
PRY,1963,162
PRY,1964,162
PRY,1965,162
PRY,1966,162
PRY,1967,162
PRY,1968,162
PRY,1969,162
PRY,1970,95
PRY,1971,120
PRY,1972,91
PRY,1973,111
PRY,1974,128
PRY,1975,108
PRY,1976,109
PRY,1977,108
PRY,1978,112
PRY,1979,133
PRY,1980,114
PRY,1981,115
PRY,1982,102
PRY,1983,115
PRY,1984,115
PRY,1985,104
PRY,1986,104
PRY,1987,104
PRY,1988,104
PRY,1989,104
PRY,1990,95
PRY,1991,92
PRY,1992,76
PRY,1993,88
PRY,1994,85
PRY,1995,103
PRY,1996,87
PRY,1997,119
PRY,1998,95
PRY,1999,76
PRY,2000,82
PRY,2001,55
PRY,2002,41
PRY,2003,34
PRY,2004,46
PRY,2005,60
PRY,2006,62
PRY,2007,42
PRY,2008,53
PRY,2009,53
PRY,2010,44
PRY,2011,52
PRY,2012,24
PRY,2013,100
PRY,2014,107
PRY,2015,107
PRY,2016,64
PRY,2017,129
PRY,2018,111
PRY,2019,106
PRY,2020,81
PRY,2021,96
PRY,2022,124
PRY,2023,159
PSE,1960,162
PSE,1961,162
PSE,1962,162
PSE,1963,162
PSE,1964,162
PSE,1965,162
PSE,1966,162
PSE,1967,162
PSE,1968,162
PSE,1969,162
PSE,1970,158
PSE,1971,158
PSE,1972,158
PSE,1973,158
PSE,1974,158
PSE,1975,158
PSE,1976,157
PSE,1977,158
PSE,1978,158
PSE,1979,158
PSE,1980,158
PSE,1981,157
PSE,1982,158
PSE,1983,158
PSE,1984,158
PSE,1985,158
PSE,1986,157
PSE,1987,158
PSE,1988,158
PSE,1989,158
PSE,1990,150
PSE,1991,144
PSE,1992,144
PSE,1993,144
PSE,1994,144
PSE,1995,108
PSE,1996,101
PSE,1997,100
PSE,1998,138
PSE,1999,65
PSE,2000,62
PSE,2001,62
PSE,2002,59
PSE,2003,59
PSE,2004,37
PSE,2005,65
PSE,2006,49
PSE,2007,33
PSE,2008,35
PSE,2009,35
PSE,2010,31
PSE,2011,29
PSE,2012,29
PSE,2013,23
PSE,2014,26
PSE,2015,21
PSE,2016,23
PSE,2017,24
PSE,2018,27
PSE,2019,66
PSE,2020,60
PSE,2021,83
PSE,2022,102
PSE,2023,164
PYF,1960,162
PYF,1961,162
PYF,1962,162
PYF,1963,162
PYF,1964,162
PYF,1965,162
PYF,1966,162
PYF,1967,162
PYF,1968,162
PYF,1969,162
PYF,1970,162
PYF,1971,147
PYF,1972,147
PYF,1973,147
PYF,1974,146
PYF,1975,142
PYF,1976,146
PYF,1977,147
PYF,1978,150
PYF,1979,150
PYF,1980,146
PYF,1981,138
PYF,1982,133
PYF,1983,114
PYF,1984,124
PYF,1985,125
PYF,1986,150
PYF,1987,150
PYF,1988,136
PYF,1989,121
PYF,1990,121
PYF,1991,124
PYF,1992,122
PYF,1993,113
PYF,1994,138
PYF,1995,128
PYF,1996,127
PYF,1997,149
PYF,1998,157
PYF,1999,157
PYF,2000,157
PYF,2001,157
PYF,2002,157
PYF,2003,157
PYF,2004,157
PYF,2005,157
PYF,2006,157
PYF,2007,142
PYF,2008,157
PYF,2009,157
PYF,2010,157
PYF,2011,157
PYF,2012,157
PYF,2013,157
PYF,2014,157
PYF,2015,157
PYF,2016,157
PYF,2017,153
PYF,2018,153
PYF,2019,153
PYF,2020,153
PYF,2021,153
PYF,2022,153
PYF,2023,159
QAT,1960,162
QAT,1961,162
QAT,1962,162
QAT,1963,162
QAT,1964,162
QAT,1965,162
QAT,1966,162
QAT,1967,162
QAT,1968,162
QAT,1969,162
QAT,1970,158
QAT,1971,84
QAT,1972,87
QAT,1973,87
QAT,1974,91
QAT,1975,108
QAT,1976,81
QAT,1977,81
QAT,1978,88
QAT,1979,92
QAT,1980,87
QAT,1981,90
QAT,1982,102
QAT,1983,92
QAT,1984,83
QAT,1985,85
QAT,1986,75
QAT,1987,91
QAT,1988,91
QAT,1989,87
QAT,1990,83
QAT,1991,79
QAT,1992,72
QAT,1993,72
QAT,1994,72
QAT,1995,89
QAT,1996,101
QAT,1997,122
QAT,1998,85
QAT,1999,84
QAT,2000,107
QAT,2001,94
QAT,2002,88
QAT,2003,88
QAT,2004,65
QAT,2005,70
QAT,2006,62
QAT,2007,54
QAT,2008,58
QAT,2009,56
QAT,2010,68
QAT,2011,53
QAT,2012,60
QAT,2013,50
QAT,2014,46
QAT,2015,52
QAT,2016,27
QAT,2017,33
QAT,2018,62
QAT,2019,81
QAT,2020,82
QAT,2021,104
QAT,2022,123
QAT,2023,159
ROU,1960,162
ROU,1961,162
ROU,1962,162
ROU,1963,162
ROU,1964,162
ROU,1965,162
ROU,1966,162
ROU,1967,162
ROU,1968,162
ROU,1969,162
ROU,1970,158
ROU,1971,130
ROU,1972,130
ROU,1973,130
ROU,1974,130
ROU,1975,145
ROU,1976,145
ROU,1977,143
ROU,1978,145
ROU,1979,145
ROU,1980,145
ROU,1981,143
ROU,1982,145
ROU,1983,145
ROU,1984,145
ROU,1985,145
ROU,1986,141
ROU,1987,141
ROU,1988,141
ROU,1989,124
ROU,1990,117
ROU,1991,110
ROU,1992,90
ROU,1993,86
ROU,1994,97
ROU,1995,92
ROU,1996,81
ROU,1997,89
ROU,1998,84
ROU,1999,76
ROU,2000,71
ROU,2001,62
ROU,2002,37
ROU,2003,58
ROU,2004,62
ROU,2005,58
ROU,2006,64
ROU,2007,49
ROU,2008,43
ROU,2009,40
ROU,2010,43
ROU,2011,34
ROU,2012,49
ROU,2013,88
ROU,2014,63
ROU,2015,39
ROU,2016,39
ROU,2017,51
ROU,2018,90
ROU,2019,75
ROU,2020,93
ROU,2021,102
ROU,2022,151
ROU,2023,159
RUS,1960,162
RUS,1961,162
RUS,1962,162
RUS,1963,162
RUS,1964,162
RUS,1965,162
RUS,1966,162
RUS,1967,162
RUS,1968,162
RUS,1969,162
RUS,1970,157
RUS,1971,149
RUS,1972,154
RUS,1973,154
RUS,1974,154
RUS,1975,154
RUS,1976,152
RUS,1977,154
RUS,1978,154
RUS,1979,154
RUS,1980,154
RUS,1981,137
RUS,1982,153
RUS,1983,153
RUS,1984,153
RUS,1985,153
RUS,1986,137
RUS,1987,151
RUS,1988,151
RUS,1989,127
RUS,1990,132
RUS,1991,124
RUS,1992,121
RUS,1993,124
RUS,1994,93
RUS,1995,112
RUS,1996,139
RUS,1997,139
RUS,1998,136
RUS,1999,122
RUS,2000,118
RUS,2001,114
RUS,2002,95
RUS,2003,106
RUS,2004,120
RUS,2005,105
RUS,2006,84
RUS,2007,88
RUS,2008,82
RUS,2009,87
RUS,2010,113
RUS,2011,96
RUS,2012,86
RUS,2013,78
RUS,2014,69
RUS,2015,69
RUS,2016,74
RUS,2017,85
RUS,2018,101
RUS,2019,110
RUS,2020,135
RUS,2021,112
RUS,2022,151
RUS,2023,159
RWA,1960,162
RWA,1961,162
RWA,1962,162
RWA,1963,162
RWA,1964,162
RWA,1965,162
RWA,1966,162
RWA,1967,162
RWA,1968,162
RWA,1969,162
RWA,1970,158
RWA,1971,112
RWA,1972,127
RWA,1973,104
RWA,1974,104
RWA,1975,113
RWA,1976,120
RWA,1977,95
RWA,1978,92
RWA,1979,127
RWA,1980,113
RWA,1981,113
RWA,1982,123
RWA,1983,123
RWA,1984,116
RWA,1985,115
RWA,1986,110
RWA,1987,106
RWA,1988,108
RWA,1989,110
RWA,1990,104
RWA,1991,103
RWA,1992,114
RWA,1993,145
RWA,1994,145
RWA,1995,145
RWA,1996,145
RWA,1997,137
RWA,1998,135
RWA,1999,87
RWA,2000,81
RWA,2001,88
RWA,2002,76
RWA,2003,75
RWA,2004,100
RWA,2005,107
RWA,2006,105
RWA,2007,96
RWA,2008,88
RWA,2009,89
RWA,2010,85
RWA,2011,72
RWA,2012,49
RWA,2013,68
RWA,2014,53
RWA,2015,43
RWA,2016,46
RWA,2017,46
RWA,2018,18
RWA,2019,94
RWA,2020,120
RWA,2021,69
RWA,2022,95
RWA,2023,159
SAU,1960,162
SAU,1961,162
SAU,1962,162
SAU,1963,162
SAU,1964,162
SAU,1965,162
SAU,1966,162
SAU,1967,162
SAU,1968,162
SAU,1969,162
SAU,1970,158
SAU,1971,152
SAU,1972,152
SAU,1973,152
SAU,1974,152
SAU,1975,152
SAU,1976,152
SAU,1977,152
SAU,1978,152
SAU,1979,96
SAU,1980,152
SAU,1981,150
SAU,1982,150
SAU,1983,150
SAU,1984,150
SAU,1985,152
SAU,1986,151
SAU,1987,152
SAU,1988,158
SAU,1989,156
SAU,1990,148
SAU,1991,137
SAU,1992,130
SAU,1993,136
SAU,1994,137
SAU,1995,138
SAU,1996,136
SAU,1997,137
SAU,1998,135
SAU,1999,137
SAU,2000,115
SAU,2001,137
SAU,2002,137
SAU,2003,137
SAU,2004,111
SAU,2005,92
SAU,2006,136
SAU,2007,92
SAU,2008,106
SAU,2009,97
SAU,2010,109
SAU,2011,97
SAU,2012,110
SAU,2013,57
SAU,2014,91
SAU,2015,80
SAU,2016,74
SAU,2017,42
SAU,2018,80
SAU,2019,111
SAU,2020,82
SAU,2021,110
SAU,2022,127
SAU,2023,159
SDN,1960,162
SDN,1961,162
SDN,1962,162
SDN,1963,162
SDN,1964,162
SDN,1965,162
SDN,1966,162
SDN,1967,162
SDN,1968,162
SDN,1969,162
SDN,1970,162
SDN,1971,159
SDN,1972,162
SDN,1973,162
SDN,1974,162
SDN,1975,162
SDN,1976,162
SDN,1977,162
SDN,1978,162
SDN,1979,162
SDN,1980,162
SDN,1981,159
SDN,1982,162
SDN,1983,153
SDN,1984,162
SDN,1985,162
SDN,1986,162
SDN,1987,162
SDN,1988,162
SDN,1989,162
SDN,1990,154
SDN,1991,149
SDN,1992,149
SDN,1993,149
SDN,1994,149
SDN,1995,149
SDN,1996,149
SDN,1997,149
SDN,1998,145
SDN,1999,140
SDN,2000,131
SDN,2001,119
SDN,2002,117
SDN,2003,119
SDN,2004,117
SDN,2005,116
SDN,2006,116
SDN,2007,118
SDN,2008,109
SDN,2009,107
SDN,2010,103
SDN,2011,90
SDN,2012,80
SDN,2013,75
SDN,2014,73
SDN,2015,75
SDN,2016,80
SDN,2017,86
SDN,2018,102
SDN,2019,143
SDN,2020,143
SDN,2021,143
SDN,2022,151
SDN,2023,159
SEN,1960,162
SEN,1961,162
SEN,1962,162
SEN,1963,162
SEN,1964,162
SEN,1965,162
SEN,1966,162
SEN,1967,162
SEN,1968,162
SEN,1969,162
SEN,1970,158
SEN,1971,117
SEN,1972,117
SEN,1973,141
SEN,1974,147
SEN,1975,150
SEN,1976,149
SEN,1977,143
SEN,1978,98
SEN,1979,107
SEN,1980,100
SEN,1981,97
SEN,1982,95
SEN,1983,101
SEN,1984,96
SEN,1985,97
SEN,1986,106
SEN,1987,133
SEN,1988,95
SEN,1989,111
SEN,1990,98
SEN,1991,127
SEN,1992,87
SEN,1993,128
SEN,1994,115
SEN,1995,126
SEN,1996,78
SEN,1997,86
SEN,1998,88
SEN,1999,93
SEN,2000,73
SEN,2001,88
SEN,2002,81
SEN,2003,86
SEN,2004,60
SEN,2005,52
SEN,2006,46
SEN,2007,82
SEN,2008,62
SEN,2009,63
SEN,2010,59
SEN,2011,24
SEN,2012,46
SEN,2013,14
SEN,2014,39
SEN,2015,46
SEN,2016,77
SEN,2017,68
SEN,2018,90
SEN,2019,76
SEN,2020,85
SEN,2021,82
SEN,2022,92
SEN,2023,159
SGP,1960,162
SGP,1961,162
SGP,1962,162
SGP,1963,162
SGP,1964,162
SGP,1965,162
SGP,1966,162
SGP,1967,162
SGP,1968,162
SGP,1969,162
SGP,1970,136
SGP,1971,130
SGP,1972,128
SGP,1973,125
SGP,1974,125
SGP,1975,121
SGP,1976,121
SGP,1977,121
SGP,1978,121
SGP,1979,124
SGP,1980,116
SGP,1981,128
SGP,1982,129
SGP,1983,125
SGP,1984,139
SGP,1985,145
SGP,1986,145
SGP,1987,145
SGP,1988,140
SGP,1989,141
SGP,1990,121
SGP,1991,132
SGP,1992,132
SGP,1993,132
SGP,1994,126
SGP,1995,111
SGP,1996,135
SGP,1997,143
SGP,1998,143
SGP,1999,143
SGP,2000,134
SGP,2001,139
SGP,2002,141
SGP,2003,141
SGP,2004,141
SGP,2005,126
SGP,2006,121
SGP,2007,89
SGP,2008,74
SGP,2009,82
SGP,2010,95
SGP,2011,95
SGP,2012,97
SGP,2013,99
SGP,2014,99
SGP,2015,99
SGP,2016,40
SGP,2017,40
SGP,2018,62
SGP,2019,66
SGP,2020,66
SGP,2021,97
SGP,2022,149
SGP,2023,159
SLB,1960,162
SLB,1961,162
SLB,1962,162
SLB,1963,162
SLB,1964,162
SLB,1965,162
SLB,1966,162
SLB,1967,162
SLB,1968,162
SLB,1969,162
SLB,1970,126
SLB,1971,127
SLB,1972,137
SLB,1973,136
SLB,1974,137
SLB,1975,122
SLB,1976,143
SLB,1977,143
SLB,1978,143
SLB,1979,140
SLB,1980,121
SLB,1981,126
SLB,1982,130
SLB,1983,130
SLB,1984,148
SLB,1985,153
SLB,1986,128
SLB,1987,155
SLB,1988,158
SLB,1989,158
SLB,1990,123
SLB,1991,111
SLB,1992,118
SLB,1993,118
SLB,1994,121
SLB,1995,142
SLB,1996,142
SLB,1997,140
SLB,1998,143
SLB,1999,116
SLB,2000,116
SLB,2001,133
SLB,2002,120
SLB,2003,144
SLB,2004,144
SLB,2005,114
SLB,2006,106
SLB,2007,104
SLB,2008,142
SLB,2009,142
SLB,2010,84
SLB,2011,87
SLB,2012,90
SLB,2013,92
SLB,2014,106
SLB,2015,93
SLB,2016,92
SLB,2017,87
SLB,2018,83
SLB,2019,115
SLB,2020,144
SLB,2021,144
SLB,2022,152
SLB,2023,159
SLE,1960,162
SLE,1961,162
SLE,1962,162
SLE,1963,162
SLE,1964,162
SLE,1965,162
SLE,1966,162
SLE,1967,162
SLE,1968,162
SLE,1969,162
SLE,1970,158
SLE,1971,127
SLE,1972,127
SLE,1973,129
SLE,1974,132
SLE,1975,127
SLE,1976,128
SLE,1977,130
SLE,1978,121
SLE,1979,150
SLE,1980,145
SLE,1981,143
SLE,1982,145
SLE,1983,129
SLE,1984,128
SLE,1985,128
SLE,1986,147
SLE,1987,156
SLE,1988,132
SLE,1989,132
SLE,1990,125
SLE,1991,120
SLE,1992,145
SLE,1993,145
SLE,1994,145
SLE,1995,145
SLE,1996,145
SLE,1997,145
SLE,1998,145
SLE,1999,144
SLE,2000,125
SLE,2001,100
SLE,2002,136
SLE,2003,142
SLE,2004,119
SLE,2005,140
SLE,2006,143
SLE,2007,128
SLE,2008,130
SLE,2009,134
SLE,2010,130
SLE,2011,74
SLE,2012,47
SLE,2013,58
SLE,2014,134
SLE,2015,51
SLE,2016,73
SLE,2017,67
SLE,2018,92
SLE,2019,88
SLE,2020,113
SLE,2021,108
SLE,2022,143
SLE,2023,159
SLV,1960,162
SLV,1961,162
SLV,1962,162
SLV,1963,162
SLV,1964,162
SLV,1965,162
SLV,1966,162
SLV,1967,162
SLV,1968,162
SLV,1969,162
SLV,1970,102
SLV,1971,115
SLV,1972,116
SLV,1973,112
SLV,1974,117
SLV,1975,115
SLV,1976,117
SLV,1977,128
SLV,1978,132
SLV,1979,141
SLV,1980,128
SLV,1981,125
SLV,1982,121
SLV,1983,105
SLV,1984,119
SLV,1985,152
SLV,1986,152
SLV,1987,125
SLV,1988,115
SLV,1989,128
SLV,1990,147
SLV,1991,103
SLV,1992,91
SLV,1993,112
SLV,1994,138
SLV,1995,106
SLV,1996,117
SLV,1997,136
SLV,1998,86
SLV,1999,116
SLV,2000,55
SLV,2001,58
SLV,2002,50
SLV,2003,39
SLV,2004,77
SLV,2005,33
SLV,2006,35
SLV,2007,27
SLV,2008,28
SLV,2009,43
SLV,2010,52
SLV,2011,31
SLV,2012,51
SLV,2013,43
SLV,2014,52
SLV,2015,23
SLV,2016,17
SLV,2017,26
SLV,2018,41
SLV,2019,91
SLV,2020,100
SLV,2021,133
SLV,2022,149
SLV,2023,159
SMR,1960,162
SMR,1961,162
SMR,1962,162
SMR,1963,162
SMR,1964,162
SMR,1965,162
SMR,1966,162
SMR,1967,162
SMR,1968,162
SMR,1969,162
SMR,1970,158
SMR,1971,129
SMR,1972,131
SMR,1973,132
SMR,1974,135
SMR,1975,132
SMR,1976,135
SMR,1977,140
SMR,1978,141
SMR,1979,128
SMR,1980,129
SMR,1981,123
SMR,1982,127
SMR,1983,126
SMR,1984,119
SMR,1985,123
SMR,1986,119
SMR,1987,122
SMR,1988,126
SMR,1989,126
SMR,1990,116
SMR,1991,117
SMR,1992,110
SMR,1993,109
SMR,1994,114
SMR,1995,147
SMR,1996,108
SMR,1997,115
SMR,1998,149
SMR,1999,148
SMR,2000,93
SMR,2001,148
SMR,2002,146
SMR,2003,146
SMR,2004,129
SMR,2005,148
SMR,2006,148
SMR,2007,148
SMR,2008,96
SMR,2009,102
SMR,2010,88
SMR,2011,92
SMR,2012,105
SMR,2013,134
SMR,2014,134
SMR,2015,133
SMR,2016,147
SMR,2017,140
SMR,2018,56
SMR,2019,96
SMR,2020,92
SMR,2021,86
SMR,2022,112
SMR,2023,164
SOM,1960,162
SOM,1961,162
SOM,1962,162
SOM,1963,162
SOM,1964,162
SOM,1965,162
SOM,1966,162
SOM,1967,162
SOM,1968,162
SOM,1969,162
SOM,1970,158
SOM,1971,126
SOM,1972,112
SOM,1973,125
SOM,1974,129
SOM,1975,149
SOM,1976,109
SOM,1977,108
SOM,1978,109
SOM,1979,109
SOM,1980,109
SOM,1981,136
SOM,1982,136
SOM,1983,136
SOM,1984,136
SOM,1985,136
SOM,1986,136
SOM,1987,153
SOM,1988,158
SOM,1989,158
SOM,1990,150
SOM,1991,145
SOM,1992,145
SOM,1993,145
SOM,1994,145
SOM,1995,145
SOM,1996,145
SOM,1997,145
SOM,1998,145
SOM,1999,144
SOM,2000,144
SOM,2001,144
SOM,2002,144
SOM,2003,144
SOM,2004,144
SOM,2005,144
SOM,2006,143
SOM,2007,116
SOM,2008,144
SOM,2009,144
SOM,2010,144
SOM,2011,144
SOM,2012,144
SOM,2013,144
SOM,2014,141
SOM,2015,144
SOM,2016,144
SOM,2017,142
SOM,2018,142
SOM,2019,136
SOM,2020,144
SOM,2021,137
SOM,2022,133
SOM,2023,159
SRB,1960,162
SRB,1961,162
SRB,1962,162
SRB,1963,162
SRB,1964,162
SRB,1965,162
SRB,1966,162
SRB,1967,162
SRB,1968,162
SRB,1969,162
SRB,1970,158
SRB,1971,158
SRB,1972,158
SRB,1973,158
SRB,1974,158
SRB,1975,158
SRB,1976,158
SRB,1977,158
SRB,1978,158
SRB,1979,158
SRB,1980,158
SRB,1981,158
SRB,1982,158
SRB,1983,158
SRB,1984,158
SRB,1985,158
SRB,1986,158
SRB,1987,158
SRB,1988,158
SRB,1989,158
SRB,1990,150
SRB,1991,145
SRB,1992,145
SRB,1993,145
SRB,1994,145
SRB,1995,145
SRB,1996,145
SRB,1997,145
SRB,1998,144
SRB,1999,127
SRB,2000,121
SRB,2001,117
SRB,2002,102
SRB,2003,110
SRB,2004,117
SRB,2005,104
SRB,2006,95
SRB,2007,45
SRB,2008,48
SRB,2009,36
SRB,2010,46
SRB,2011,9
SRB,2012,58
SRB,2013,41
SRB,2014,36
SRB,2015,31
SRB,2016,26
SRB,2017,33
SRB,2018,62
SRB,2019,62
SRB,2020,97
SRB,2021,95
SRB,2022,116
SRB,2023,159
SSD,1960,162
SSD,1961,162
SSD,1962,162
SSD,1963,162
SSD,1964,162
SSD,1965,162
SSD,1966,162
SSD,1967,162
SSD,1968,162
SSD,1969,162
SSD,1970,162
SSD,1971,162
SSD,1972,162
SSD,1973,162
SSD,1974,162
SSD,1975,162
SSD,1976,162
SSD,1977,162
SSD,1978,162
SSD,1979,162
SSD,1980,162
SSD,1981,162
SSD,1982,162
SSD,1983,162
SSD,1984,162
SSD,1985,162
SSD,1986,162
SSD,1987,162
SSD,1988,162
SSD,1989,162
SSD,1990,154
SSD,1991,149
SSD,1992,149
SSD,1993,149
SSD,1994,149
SSD,1995,149
SSD,1996,149
SSD,1997,149
SSD,1998,149
SSD,1999,144
SSD,2000,144
SSD,2001,144
SSD,2002,144
SSD,2003,144
SSD,2004,144
SSD,2005,144
SSD,2006,144
SSD,2007,144
SSD,2008,112
SSD,2009,143
SSD,2010,138
SSD,2011,75
SSD,2012,141
SSD,2013,131
SSD,2014,134
SSD,2015,79
SSD,2016,125
SSD,2017,139
SSD,2018,127
SSD,2019,142
SSD,2020,142
SSD,2021,137
SSD,2022,151
SSD,2023,159
STP,1960,162
STP,1961,162
STP,1962,162
STP,1963,162
STP,1964,162
STP,1965,162
STP,1966,162
STP,1967,162
STP,1968,162
STP,1969,162
STP,1970,158
STP,1971,133
STP,1972,135
STP,1973,152
STP,1974,156
STP,1975,156
STP,1976,150
STP,1977,126
STP,1978,141
STP,1979,157
STP,1980,148
STP,1981,125
STP,1982,143
STP,1983,119
STP,1984,114
STP,1985,148
STP,1986,158
STP,1987,131
STP,1988,104
STP,1989,158
STP,1990,120
STP,1991,131
STP,1992,138
STP,1993,145
STP,1994,145
STP,1995,145
STP,1996,133
STP,1997,145
STP,1998,134
STP,1999,106
STP,2000,141
STP,2001,124
STP,2002,92
STP,2003,75
STP,2004,69
STP,2005,79
STP,2006,139
STP,2007,74
STP,2008,70
STP,2009,76
STP,2010,65
STP,2011,75
STP,2012,46
STP,2013,70
STP,2014,53
STP,2015,63
STP,2016,85
STP,2017,85
STP,2018,141
STP,2019,134
STP,2020,141
STP,2021,141
STP,2022,142
STP,2023,159
SUR,1960,162
SUR,1961,162
SUR,1962,162
SUR,1963,162
SUR,1964,162
SUR,1965,162
SUR,1966,162
SUR,1967,162
SUR,1968,162
SUR,1969,162
SUR,1970,158
SUR,1971,134
SUR,1972,130
SUR,1973,130
SUR,1974,130
SUR,1975,121
SUR,1976,115
SUR,1977,94
SUR,1978,97
SUR,1979,121
SUR,1980,146
SUR,1981,138
SUR,1982,135
SUR,1983,140
SUR,1984,142
SUR,1985,111
SUR,1986,126
SUR,1987,94
SUR,1988,98
SUR,1989,106
SUR,1990,117
SUR,1991,117
SUR,1992,117
SUR,1993,116
SUR,1994,134
SUR,1995,145
SUR,1996,145
SUR,1997,145
SUR,1998,144
SUR,1999,140
SUR,2000,143
SUR,2001,111
SUR,2002,108
SUR,2003,143
SUR,2004,121
SUR,2005,80
SUR,2006,74
SUR,2007,78
SUR,2008,64
SUR,2009,64
SUR,2010,54
SUR,2011,61
SUR,2012,42
SUR,2013,61
SUR,2014,61
SUR,2015,61
SUR,2016,84
SUR,2017,84
SUR,2018,64
SUR,2019,115
SUR,2020,99
SUR,2021,90
SUR,2022,151
SUR,2023,159
SVK,1960,162
SVK,1961,162
SVK,1962,162
SVK,1963,162
SVK,1964,162
SVK,1965,162
SVK,1966,162
SVK,1967,162
SVK,1968,162
SVK,1969,162
SVK,1970,158
SVK,1971,158
SVK,1972,158
SVK,1973,158
SVK,1974,158
SVK,1975,158
SVK,1976,158
SVK,1977,158
SVK,1978,158
SVK,1979,158
SVK,1980,158
SVK,1981,156
SVK,1982,158
SVK,1983,158
SVK,1984,156
SVK,1985,158
SVK,1986,156
SVK,1987,158
SVK,1988,158
SVK,1989,156
SVK,1990,150
SVK,1991,122
SVK,1992,118
SVK,1993,92
SVK,1994,95
SVK,1995,97
SVK,1996,102
SVK,1997,99
SVK,1998,94
SVK,1999,83
SVK,2000,78
SVK,2001,49
SVK,2002,57
SVK,2003,57
SVK,2004,54
SVK,2005,54
SVK,2006,52
SVK,2007,54
SVK,2008,54
SVK,2009,54
SVK,2010,54
SVK,2011,31
SVK,2012,42
SVK,2013,42
SVK,2014,25
SVK,2015,33
SVK,2016,28
SVK,2017,39
SVK,2018,69
SVK,2019,69
SVK,2020,93
SVK,2021,106
SVK,2022,151
SVK,2023,159
SVN,1960,162
SVN,1961,162
SVN,1962,162
SVN,1963,162
SVN,1964,162
SVN,1965,162
SVN,1966,162
SVN,1967,162
SVN,1968,162
SVN,1969,162
SVN,1970,158
SVN,1971,158
SVN,1972,158
SVN,1973,158
SVN,1974,158
SVN,1975,158
SVN,1976,158
SVN,1977,158
SVN,1978,158
SVN,1979,158
SVN,1980,158
SVN,1981,146
SVN,1982,141
SVN,1983,141
SVN,1984,141
SVN,1985,141
SVN,1986,141
SVN,1987,141
SVN,1988,141
SVN,1989,143
SVN,1990,133
SVN,1991,105
SVN,1992,125
SVN,1993,101
SVN,1994,101
SVN,1995,84
SVN,1996,85
SVN,1997,83
SVN,1998,73
SVN,1999,67
SVN,2000,70
SVN,2001,56
SVN,2002,58
SVN,2003,60
SVN,2004,64
SVN,2005,64
SVN,2006,61
SVN,2007,60
SVN,2008,48
SVN,2009,45
SVN,2010,39
SVN,2011,39
SVN,2012,43
SVN,2013,36
SVN,2014,33
SVN,2015,37
SVN,2016,34
SVN,2017,51
SVN,2018,95
SVN,2019,74
SVN,2020,95
SVN,2021,111
SVN,2022,151
SVN,2023,159
SWE,1960,162
SWE,1961,162
SWE,1962,162
SWE,1963,162
SWE,1964,162
SWE,1965,162
SWE,1966,162
SWE,1967,162
SWE,1968,162
SWE,1969,162
SWE,1970,149
SWE,1971,118
SWE,1972,123
SWE,1973,116
SWE,1974,109
SWE,1975,117
SWE,1976,102
SWE,1977,125
SWE,1978,121
SWE,1979,108
SWE,1980,117
SWE,1981,119
SWE,1982,108
SWE,1983,123
SWE,1984,129
SWE,1985,135
SWE,1986,135
SWE,1987,99
SWE,1988,99
SWE,1989,96
SWE,1990,84
SWE,1991,79
SWE,1992,93
SWE,1993,84
SWE,1994,86
SWE,1995,87
SWE,1996,105
SWE,1997,100
SWE,1998,97
SWE,1999,65
SWE,2000,65
SWE,2001,58
SWE,2002,65
SWE,2003,58
SWE,2004,43
SWE,2005,42
SWE,2006,38
SWE,2007,40
SWE,2008,41
SWE,2009,38
SWE,2010,41
SWE,2011,42
SWE,2012,41
SWE,2013,28
SWE,2014,34
SWE,2015,34
SWE,2016,42
SWE,2017,55
SWE,2018,90
SWE,2019,66
SWE,2020,90
SWE,2021,106
SWE,2022,151
SWE,2023,159
SWZ,1960,162
SWZ,1961,162
SWZ,1962,162
SWZ,1963,162
SWZ,1964,162
SWZ,1965,162
SWZ,1966,162
SWZ,1967,162
SWZ,1968,162
SWZ,1969,162
SWZ,1970,95
SWZ,1971,94
SWZ,1972,87
SWZ,1973,100
SWZ,1974,92
SWZ,1975,92
SWZ,1976,64
SWZ,1977,86
SWZ,1978,102
SWZ,1979,98
SWZ,1980,106
SWZ,1981,97
SWZ,1982,103
SWZ,1983,108
SWZ,1984,107
SWZ,1985,106
SWZ,1986,90
SWZ,1987,104
SWZ,1988,104
SWZ,1989,105
SWZ,1990,88
SWZ,1991,91
SWZ,1992,91
SWZ,1993,88
SWZ,1994,90
SWZ,1995,92
SWZ,1996,83
SWZ,1997,117
SWZ,1998,91
SWZ,1999,81
SWZ,2000,70
SWZ,2001,85
SWZ,2002,72
SWZ,2003,81
SWZ,2004,73
SWZ,2005,72
SWZ,2006,71
SWZ,2007,99
SWZ,2008,137
SWZ,2009,63
SWZ,2010,50
SWZ,2011,51
SWZ,2012,66
SWZ,2013,60
SWZ,2014,57
SWZ,2015,69
SWZ,2016,73
SWZ,2017,97
SWZ,2018,119
SWZ,2019,121
SWZ,2020,134
SWZ,2021,141
SWZ,2022,149
SWZ,2023,159
SXM,1960,162
SXM,1961,162
SXM,1962,162
SXM,1963,162
SXM,1964,162
SXM,1965,162
SXM,1966,162
SXM,1967,162
SXM,1968,162
SXM,1969,162
SXM,1970,162
SXM,1971,162
SXM,1972,162
SXM,1973,162
SXM,1974,162
SXM,1975,162
SXM,1976,162
SXM,1977,162
SXM,1978,162
SXM,1979,162
SXM,1980,162
SXM,1981,162
SXM,1982,162
SXM,1983,162
SXM,1984,162
SXM,1985,162
SXM,1986,162
SXM,1987,162
SXM,1988,162
SXM,1989,162
SXM,1990,162
SXM,1991,162
SXM,1992,162
SXM,1993,162
SXM,1994,162
SXM,1995,162
SXM,1996,162
SXM,1997,162
SXM,1998,162
SXM,1999,157
SXM,2000,157
SXM,2001,157
SXM,2002,157
SXM,2003,157
SXM,2004,157
SXM,2005,157
SXM,2006,157
SXM,2007,157
SXM,2008,157
SXM,2009,157
SXM,2010,157
SXM,2011,157
SXM,2012,121
SXM,2013,156
SXM,2014,124
SXM,2015,150
SXM,2016,156
SXM,2017,151
SXM,2018,156
SXM,2019,156
SXM,2020,156
SXM,2021,156
SXM,2022,151
SXM,2023,164
SYC,1960,162
SYC,1961,162
SYC,1962,162
SYC,1963,162
SYC,1964,162
SYC,1965,162
SYC,1966,162
SYC,1967,162
SYC,1968,162
SYC,1969,162
SYC,1970,112
SYC,1971,101
SYC,1972,117
SYC,1973,117
SYC,1974,107
SYC,1975,119
SYC,1976,120
SYC,1977,134
SYC,1978,121
SYC,1979,100
SYC,1980,117
SYC,1981,117
SYC,1982,117
SYC,1983,117
SYC,1984,121
SYC,1985,115
SYC,1986,113
SYC,1987,109
SYC,1988,114
SYC,1989,119
SYC,1990,146
SYC,1991,110
SYC,1992,111
SYC,1993,80
SYC,1994,80
SYC,1995,92
SYC,1996,87
SYC,1997,125
SYC,1998,80
SYC,1999,81
SYC,2000,81
SYC,2001,74
SYC,2002,51
SYC,2003,69
SYC,2004,99
SYC,2005,99
SYC,2006,118
SYC,2007,102
SYC,2008,96
SYC,2009,102
SYC,2010,87
SYC,2011,90
SYC,2012,82
SYC,2013,70
SYC,2014,66
SYC,2015,63
SYC,2016,62
SYC,2017,67
SYC,2018,73
SYC,2019,97
SYC,2020,86
SYC,2021,100
SYC,2022,110
SYC,2023,164
SYR,1960,162
SYR,1961,162
SYR,1962,162
SYR,1963,162
SYR,1964,162
SYR,1965,162
SYR,1966,162
SYR,1967,162
SYR,1968,162
SYR,1969,162
SYR,1970,152
SYR,1971,81
SYR,1972,98
SYR,1973,79
SYR,1974,92
SYR,1975,86
SYR,1976,84
SYR,1977,85
SYR,1978,80
SYR,1979,80
SYR,1980,83
SYR,1981,79
SYR,1982,85
SYR,1983,89
SYR,1984,85
SYR,1985,85
SYR,1986,91
SYR,1987,94
SYR,1988,85
SYR,1989,85
SYR,1990,81
SYR,1991,84
SYR,1992,84
SYR,1993,84
SYR,1994,87
SYR,1995,87
SYR,1996,77
SYR,1997,81
SYR,1998,87
SYR,1999,69
SYR,2000,71
SYR,2001,70
SYR,2002,48
SYR,2003,76
SYR,2004,69
SYR,2005,82
SYR,2006,78
SYR,2007,57
SYR,2008,63
SYR,2009,62
SYR,2010,81
SYR,2011,84
SYR,2012,87
SYR,2013,74
SYR,2014,130
SYR,2015,135
SYR,2016,139
SYR,2017,143
SYR,2018,143
SYR,2019,143
SYR,2020,109
SYR,2021,109
SYR,2022,114
SYR,2023,159
TCA,1960,162
TCA,1961,162
TCA,1962,162
TCA,1963,162
TCA,1964,162
TCA,1965,162
TCA,1966,162
TCA,1967,162
TCA,1968,162
TCA,1969,162
TCA,1970,152
TCA,1971,144
TCA,1972,147
TCA,1973,143
TCA,1974,143
TCA,1975,143
TCA,1976,142
TCA,1977,145
TCA,1978,135
TCA,1979,158
TCA,1980,152
TCA,1981,147
TCA,1982,158
TCA,1983,158
TCA,1984,158
TCA,1985,150
TCA,1986,158
TCA,1987,158
TCA,1988,158
TCA,1989,158
TCA,1990,150
TCA,1991,150
TCA,1992,150
TCA,1993,150
TCA,1994,123
TCA,1995,150
TCA,1996,150
TCA,1997,117
TCA,1998,144
TCA,1999,83
TCA,2000,92
TCA,2001,102
TCA,2002,99
TCA,2003,92
TCA,2004,106
TCA,2005,101
TCA,2006,148
TCA,2007,148
TCA,2008,144
TCA,2009,120
TCA,2010,144
TCA,2011,146
TCA,2012,146
TCA,2013,146
TCA,2014,97
TCA,2015,92
TCA,2016,135
TCA,2017,122
TCA,2018,91
TCA,2019,117
TCA,2020,118
TCA,2021,104
TCA,2022,119
TCA,2023,164
TCD,1960,162
TCD,1961,162
TCD,1962,162
TCD,1963,162
TCD,1964,162
TCD,1965,162
TCD,1966,162
TCD,1967,162
TCD,1968,162
TCD,1969,162
TCD,1970,158
TCD,1971,130
TCD,1972,130
TCD,1973,145
TCD,1974,130
TCD,1975,125
TCD,1976,127
TCD,1977,117
TCD,1978,158
TCD,1979,158
TCD,1980,158
TCD,1981,158
TCD,1982,158
TCD,1983,158
TCD,1984,158
TCD,1985,132
TCD,1986,146
TCD,1987,138
TCD,1988,114
TCD,1989,117
TCD,1990,108
TCD,1991,121
TCD,1992,134
TCD,1993,131
TCD,1994,99
TCD,1995,95
TCD,1996,93
TCD,1997,82
TCD,1998,76
TCD,1999,72
TCD,2000,56
TCD,2001,69
TCD,2002,73
TCD,2003,77
TCD,2004,70
TCD,2005,87
TCD,2006,108
TCD,2007,118
TCD,2008,113
TCD,2009,60
TCD,2010,71
TCD,2011,51
TCD,2012,78
TCD,2013,84
TCD,2014,115
TCD,2015,52
TCD,2016,52
TCD,2017,99
TCD,2018,107
TCD,2019,93
TCD,2020,134
TCD,2021,104
TCD,2022,111
TCD,2023,159
TGO,1960,162
TGO,1961,162
TGO,1962,162
TGO,1963,162
TGO,1964,162
TGO,1965,162
TGO,1966,162
TGO,1967,162
TGO,1968,162
TGO,1969,162
TGO,1970,142
TGO,1971,95
TGO,1972,98
TGO,1973,122
TGO,1974,120
TGO,1975,120
TGO,1976,112
TGO,1977,123
TGO,1978,88
TGO,1979,84
TGO,1980,88
TGO,1981,111
TGO,1982,87
TGO,1983,88
TGO,1984,84
TGO,1985,97
TGO,1986,93
TGO,1987,84
TGO,1988,88
TGO,1989,92
TGO,1990,81
TGO,1991,68
TGO,1992,101
TGO,1993,139
TGO,1994,82
TGO,1995,72
TGO,1996,80
TGO,1997,105
TGO,1998,113
TGO,1999,61
TGO,2000,59
TGO,2001,77
TGO,2002,78
TGO,2003,64
TGO,2004,70
TGO,2005,69
TGO,2006,72
TGO,2007,62
TGO,2008,92
TGO,2009,82
TGO,2010,84
TGO,2011,55
TGO,2012,83
TGO,2013,85
TGO,2014,77
TGO,2015,71
TGO,2016,86
TGO,2017,55
TGO,2018,89
TGO,2019,98
TGO,2020,98
TGO,2021,87
TGO,2022,128
TGO,2023,159
THA,1960,162
THA,1961,162
THA,1962,162
THA,1963,162
THA,1964,162
THA,1965,162
THA,1966,162
THA,1967,162
THA,1968,162
THA,1969,162
THA,1970,140
THA,1971,122
THA,1972,136
THA,1973,110
THA,1974,96
THA,1975,104
THA,1976,102
THA,1977,97
THA,1978,110
THA,1979,145
THA,1980,121
THA,1981,129
THA,1982,144
THA,1983,146
THA,1984,139
THA,1985,143
THA,1986,143
THA,1987,141
THA,1988,140
THA,1989,141
THA,1990,129
THA,1991,115
THA,1992,116
THA,1993,113
THA,1994,129
THA,1995,131
THA,1996,129
THA,1997,129
THA,1998,120
THA,1999,111
THA,2000,99
THA,2001,95
THA,2002,108
THA,2003,136
THA,2004,98
THA,2005,107
THA,2006,77
THA,2007,95
THA,2008,89
THA,2009,98
THA,2010,80
THA,2011,98
THA,2012,99
THA,2013,83
THA,2014,101
THA,2015,75
THA,2016,67
THA,2017,70
THA,2018,52
THA,2019,68
THA,2020,89
THA,2021,81
THA,2022,99
THA,2023,159
TJK,1960,162
TJK,1961,162
TJK,1962,162
TJK,1963,162
TJK,1964,162
TJK,1965,162
TJK,1966,162
TJK,1967,162
TJK,1968,162
TJK,1969,162
TJK,1970,158
TJK,1971,158
TJK,1972,158
TJK,1973,158
TJK,1974,158
TJK,1975,158
TJK,1976,158
TJK,1977,158
TJK,1978,158
TJK,1979,158
TJK,1980,158
TJK,1981,155
TJK,1982,158
TJK,1983,158
TJK,1984,158
TJK,1985,158
TJK,1986,157
TJK,1987,158
TJK,1988,157
TJK,1989,138
TJK,1990,149
TJK,1991,128
TJK,1992,129
TJK,1993,126
TJK,1994,128
TJK,1995,122
TJK,1996,131
TJK,1997,126
TJK,1998,128
TJK,1999,87
TJK,2000,60
TJK,2001,79
TJK,2002,76
TJK,2003,82
TJK,2004,82
TJK,2005,84
TJK,2006,82
TJK,2007,83
TJK,2008,78
TJK,2009,67
TJK,2010,58
TJK,2011,65
TJK,2012,80
TJK,2013,85
TJK,2014,81
TJK,2015,75
TJK,2016,77
TJK,2017,65
TJK,2018,141
TJK,2019,141
TJK,2020,141
TJK,2021,141
TJK,2022,149
TJK,2023,159
TKM,1960,162
TKM,1961,162
TKM,1962,162
TKM,1963,162
TKM,1964,162
TKM,1965,162
TKM,1966,162
TKM,1967,162
TKM,1968,162
TKM,1969,162
TKM,1970,158
TKM,1971,158
TKM,1972,158
TKM,1973,158
TKM,1974,158
TKM,1975,158
TKM,1976,158
TKM,1977,158
TKM,1978,158
TKM,1979,158
TKM,1980,158
TKM,1981,157
TKM,1982,158
TKM,1983,158
TKM,1984,158
TKM,1985,158
TKM,1986,157
TKM,1987,158
TKM,1988,157
TKM,1989,157
TKM,1990,149
TKM,1991,144
TKM,1992,145
TKM,1993,145
TKM,1994,145
TKM,1995,123
TKM,1996,145
TKM,1997,145
TKM,1998,144
TKM,1999,144
TKM,2000,144
TKM,2001,144
TKM,2002,144
TKM,2003,144
TKM,2004,144
TKM,2005,137
TKM,2006,144
TKM,2007,144
TKM,2008,144
TKM,2009,144
TKM,2010,144
TKM,2011,144
TKM,2012,139
TKM,2013,144
TKM,2014,131
TKM,2015,131
TKM,2016,143
TKM,2017,143
TKM,2018,143
TKM,2019,106
TKM,2020,115
TKM,2021,121
TKM,2022,128
TKM,2023,159
TLS,1960,162
TLS,1961,162
TLS,1962,162
TLS,1963,162
TLS,1964,162
TLS,1965,162
TLS,1966,162
TLS,1967,162
TLS,1968,162
TLS,1969,162
TLS,1970,158
TLS,1971,158
TLS,1972,158
TLS,1973,158
TLS,1974,158
TLS,1975,158
TLS,1976,158
TLS,1977,158
TLS,1978,158
TLS,1979,158
TLS,1980,158
TLS,1981,158
TLS,1982,158
TLS,1983,158
TLS,1984,158
TLS,1985,158
TLS,1986,158
TLS,1987,158
TLS,1988,158
TLS,1989,158
TLS,1990,150
TLS,1991,145
TLS,1992,145
TLS,1993,145
TLS,1994,145
TLS,1995,145
TLS,1996,145
TLS,1997,145
TLS,1998,145
TLS,1999,144
TLS,2000,143
TLS,2001,127
TLS,2002,123
TLS,2003,131
TLS,2004,119
TLS,2005,112
TLS,2006,143
TLS,2007,138
TLS,2008,71
TLS,2009,59
TLS,2010,41
TLS,2011,59
TLS,2012,67
TLS,2013,64
TLS,2014,67
TLS,2015,75
TLS,2016,60
TLS,2017,76
TLS,2018,67
TLS,2019,105
TLS,2020,100
TLS,2021,141
TLS,2022,151
TLS,2023,159
TON,1960,162
TON,1961,162
TON,1962,162
TON,1963,162
TON,1964,162
TON,1965,162
TON,1966,162
TON,1967,162
TON,1968,162
TON,1969,162
TON,1970,116
TON,1971,122
TON,1972,119
TON,1973,137
TON,1974,122
TON,1975,119
TON,1976,139
TON,1977,133
TON,1978,111
TON,1979,130
TON,1980,154
TON,1981,119
TON,1982,115
TON,1983,119
TON,1984,99
TON,1985,93
TON,1986,103
TON,1987,153
TON,1988,158
TON,1989,158
TON,1990,98
TON,1991,111
TON,1992,132
TON,1993,97
TON,1994,136
TON,1995,136
TON,1996,123
TON,1997,136
TON,1998,61
TON,1999,69
TON,2000,111
TON,2001,87
TON,2002,110
TON,2003,116
TON,2004,96
TON,2005,108
TON,2006,92
TON,2007,121
TON,2008,121
TON,2009,121
TON,2010,121
TON,2011,99
TON,2012,88
TON,2013,82
TON,2014,96
TON,2015,92
TON,2016,143
TON,2017,141
TON,2018,122
TON,2019,103
TON,2020,102
TON,2021,114
TON,2022,124
TON,2023,159
TTO,1960,162
TTO,1961,162
TTO,1962,162
TTO,1963,162
TTO,1964,162
TTO,1965,162
TTO,1966,162
TTO,1967,162
TTO,1968,162
TTO,1969,162
TTO,1970,152
TTO,1971,108
TTO,1972,106
TTO,1973,119
TTO,1974,128
TTO,1975,128
TTO,1976,128
TTO,1977,119
TTO,1978,126
TTO,1979,126
TTO,1980,109
TTO,1981,122
TTO,1982,105
TTO,1983,114
TTO,1984,111
TTO,1985,102
TTO,1986,125
TTO,1987,116
TTO,1988,113
TTO,1989,115
TTO,1990,97
TTO,1991,97
TTO,1992,94
TTO,1993,88
TTO,1994,132
TTO,1995,132
TTO,1996,104
TTO,1997,105
TTO,1998,134
TTO,1999,84
TTO,2000,68
TTO,2001,77
TTO,2002,98
TTO,2003,72
TTO,2004,64
TTO,2005,100
TTO,2006,140
TTO,2007,89
TTO,2008,74
TTO,2009,69
TTO,2010,104
TTO,2011,123
TTO,2012,141
TTO,2013,141
TTO,2014,141
TTO,2015,141
TTO,2016,139
TTO,2017,141
TTO,2018,141
TTO,2019,131
TTO,2020,116
TTO,2021,125
TTO,2022,134
TTO,2023,159
TUN,1960,162
TUN,1961,162
TUN,1962,162
TUN,1963,162
TUN,1964,162
TUN,1965,162
TUN,1966,162
TUN,1967,162
TUN,1968,162
TUN,1969,162
TUN,1970,158
TUN,1971,117
TUN,1972,127
TUN,1973,118
TUN,1974,128
TUN,1975,103
TUN,1976,109
TUN,1977,111
TUN,1978,90
TUN,1979,87
TUN,1980,77
TUN,1981,87
TUN,1982,88
TUN,1983,81
TUN,1984,69
TUN,1985,82
TUN,1986,98
TUN,1987,104
TUN,1988,96
TUN,1989,94
TUN,1990,80
TUN,1991,83
TUN,1992,78
TUN,1993,73
TUN,1994,73
TUN,1995,75
TUN,1996,74
TUN,1997,83
TUN,1998,108
TUN,1999,65
TUN,2000,61
TUN,2001,60
TUN,2002,61
TUN,2003,77
TUN,2004,65
TUN,2005,73
TUN,2006,76
TUN,2007,69
TUN,2008,51
TUN,2009,66
TUN,2010,66
TUN,2011,79
TUN,2012,78
TUN,2013,88
TUN,2014,82
TUN,2015,89
TUN,2016,78
TUN,2017,91
TUN,2018,81
TUN,2019,139
TUN,2020,105
TUN,2021,115
TUN,2022,140
TUN,2023,159
TUR,1960,162
TUR,1961,162
TUR,1962,162
TUR,1963,162
TUR,1964,162
TUR,1965,162
TUR,1966,162
TUR,1967,162
TUR,1968,162
TUR,1969,162
TUR,1970,158
TUR,1971,123
TUR,1972,123
TUR,1973,123
TUR,1974,102
TUR,1975,124
TUR,1976,129
TUR,1977,130
TUR,1978,120
TUR,1979,120
TUR,1980,125
TUR,1981,131
TUR,1982,116
TUR,1983,122
TUR,1984,102
TUR,1985,98
TUR,1986,91
TUR,1987,95
TUR,1988,95
TUR,1989,95
TUR,1990,80
TUR,1991,82
TUR,1992,85
TUR,1993,84
TUR,1994,78
TUR,1995,80
TUR,1996,145
TUR,1997,91
TUR,1998,134
TUR,1999,100
TUR,2000,110
TUR,2001,108
TUR,2002,105
TUR,2003,100
TUR,2004,68
TUR,2005,70
TUR,2006,64
TUR,2007,66
TUR,2008,71
TUR,2009,65
TUR,2010,62
TUR,2011,58
TUR,2012,51
TUR,2013,42
TUR,2014,29
TUR,2015,32
TUR,2016,41
TUR,2017,38
TUR,2018,99
TUR,2019,72
TUR,2020,99
TUR,2021,112
TUR,2022,151
TUR,2023,159
TUV,1960,162
TUV,1961,162
TUV,1962,162
TUV,1963,162
TUV,1964,162
TUV,1965,162
TUV,1966,162
TUV,1967,162
TUV,1968,162
TUV,1969,162
TUV,1970,158
TUV,1971,158
TUV,1972,158
TUV,1973,158
TUV,1974,158
TUV,1975,158
TUV,1976,158
TUV,1977,158
TUV,1978,158
TUV,1979,158
TUV,1980,158
TUV,1981,158
TUV,1982,158
TUV,1983,158
TUV,1984,150
TUV,1985,158
TUV,1986,152
TUV,1987,150
TUV,1988,158
TUV,1989,158
TUV,1990,117
TUV,1991,141
TUV,1992,150
TUV,1993,135
TUV,1994,131
TUV,1995,150
TUV,1996,150
TUV,1997,148
TUV,1998,120
TUV,1999,138
TUV,2000,141
TUV,2001,118
TUV,2002,134
TUV,2003,134
TUV,2004,134
TUV,2005,133
TUV,2006,134
TUV,2007,149
TUV,2008,148
TUV,2009,148
TUV,2010,147
TUV,2011,147
TUV,2012,145
TUV,2013,145
TUV,2014,93
TUV,2015,82
TUV,2016,71
TUV,2017,143
TUV,2018,86
TUV,2019,93
TUV,2020,109
TUV,2021,102
TUV,2022,112
TUV,2023,164
TZA,1960,162
TZA,1961,162
TZA,1962,162
TZA,1963,162
TZA,1964,162
TZA,1965,162
TZA,1966,162
TZA,1967,162
TZA,1968,162
TZA,1969,162
TZA,1970,124
TZA,1971,120
TZA,1972,117
TZA,1973,117
TZA,1974,115
TZA,1975,114
TZA,1976,113
TZA,1977,128
TZA,1978,127
TZA,1979,127
TZA,1980,128
TZA,1981,103
TZA,1982,99
TZA,1983,100
TZA,1984,119
TZA,1985,108
TZA,1986,98
TZA,1987,97
TZA,1988,96
TZA,1989,103
TZA,1990,105
TZA,1991,86
TZA,1992,86
TZA,1993,87
TZA,1994,92
TZA,1995,99
TZA,1996,92
TZA,1997,83
TZA,1998,93
TZA,1999,92
TZA,2000,98
TZA,2001,86
TZA,2002,75
TZA,2003,98
TZA,2004,69
TZA,2005,72
TZA,2006,82
TZA,2007,98
TZA,2008,95
TZA,2009,99
TZA,2010,69
TZA,2011,128
TZA,2012,58
TZA,2013,86
TZA,2014,89
TZA,2015,83
TZA,2016,69
TZA,2017,78
TZA,2018,65
TZA,2019,95
TZA,2020,102
TZA,2021,102
TZA,2022,125
TZA,2023,159
UGA,1960,162
UGA,1961,162
UGA,1962,162
UGA,1963,162
UGA,1964,162
UGA,1965,162
UGA,1966,162
UGA,1967,162
UGA,1968,162
UGA,1969,162
UGA,1970,138
UGA,1971,138
UGA,1972,142
UGA,1973,145
UGA,1974,134
UGA,1975,123
UGA,1976,122
UGA,1977,133
UGA,1978,136
UGA,1979,116
UGA,1980,139
UGA,1981,115
UGA,1982,102
UGA,1983,139
UGA,1984,139
UGA,1985,131
UGA,1986,110
UGA,1987,142
UGA,1988,134
UGA,1989,142
UGA,1990,125
UGA,1991,108
UGA,1992,120
UGA,1993,124
UGA,1994,118
UGA,1995,120
UGA,1996,128
UGA,1997,123
UGA,1998,132
UGA,1999,127
UGA,2000,110
UGA,2001,106
UGA,2002,80
UGA,2003,106
UGA,2004,74
UGA,2005,117
UGA,2006,100
UGA,2007,94
UGA,2008,77
UGA,2009,88
UGA,2010,37
UGA,2011,60
UGA,2012,46
UGA,2013,65
UGA,2014,77
UGA,2015,91
UGA,2016,61
UGA,2017,86
UGA,2018,134
UGA,2019,141
UGA,2020,141
UGA,2021,141
UGA,2022,142
UGA,2023,159
UKR,1960,162
UKR,1961,162
UKR,1962,162
UKR,1963,162
UKR,1964,162
UKR,1965,162
UKR,1966,162
UKR,1967,162
UKR,1968,162
UKR,1969,162
UKR,1970,148
UKR,1971,146
UKR,1972,148
UKR,1973,148
UKR,1974,150
UKR,1975,156
UKR,1976,147
UKR,1977,148
UKR,1978,148
UKR,1979,148
UKR,1980,150
UKR,1981,144
UKR,1982,141
UKR,1983,141
UKR,1984,141
UKR,1985,143
UKR,1986,144
UKR,1987,153
UKR,1988,143
UKR,1989,152
UKR,1990,132
UKR,1991,124
UKR,1992,125
UKR,1993,101
UKR,1994,104
UKR,1995,143
UKR,1996,143
UKR,1997,135
UKR,1998,116
UKR,1999,88
UKR,2000,86
UKR,2001,59
UKR,2002,78
UKR,2003,75
UKR,2004,77
UKR,2005,69
UKR,2006,66
UKR,2007,64
UKR,2008,66
UKR,2009,66
UKR,2010,69
UKR,2011,58
UKR,2012,51
UKR,2013,59
UKR,2014,62
UKR,2015,83
UKR,2016,70
UKR,2017,70
UKR,2018,76
UKR,2019,94
UKR,2020,90
UKR,2021,93
UKR,2022,153
UKR,2023,164
URY,1960,162
URY,1961,162
URY,1962,162
URY,1963,162
URY,1964,162
URY,1965,162
URY,1966,162
URY,1967,162
URY,1968,162
URY,1969,162
URY,1970,133
URY,1971,133
URY,1972,133
URY,1973,133
URY,1974,126
URY,1975,119
URY,1976,134
URY,1977,125
URY,1978,127
URY,1979,118
URY,1980,128
URY,1981,141
URY,1982,143
URY,1983,133
URY,1984,114
URY,1985,103
URY,1986,116
URY,1987,125
URY,1988,128
URY,1989,125
URY,1990,118
URY,1991,92
URY,1992,91
URY,1993,98
URY,1994,86
URY,1995,86
URY,1996,77
URY,1997,100
URY,1998,91
URY,1999,91
URY,2000,80
URY,2001,81
URY,2002,81
URY,2003,69
URY,2004,81
URY,2005,66
URY,2006,42
URY,2007,64
URY,2008,49
URY,2009,52
URY,2010,63
URY,2011,55
URY,2012,66
URY,2013,54
URY,2014,52
URY,2015,56
URY,2016,58
URY,2017,65
URY,2018,88
URY,2019,79
URY,2020,104
URY,2021,96
URY,2022,149
URY,2023,159
USA,1960,162
USA,1961,162
USA,1962,162
USA,1963,162
USA,1964,162
USA,1965,162
USA,1966,162
USA,1967,162
USA,1968,162
USA,1969,162
USA,1970,149
USA,1971,150
USA,1972,145
USA,1973,151
USA,1974,150
USA,1975,143
USA,1976,149
USA,1977,150
USA,1978,147
USA,1979,144
USA,1980,141
USA,1981,135
USA,1982,141
USA,1983,141
USA,1984,141
USA,1985,141
USA,1986,136
USA,1987,137
USA,1988,149
USA,1989,150
USA,1990,126
USA,1991,123
USA,1992,143
USA,1993,121
USA,1994,115
USA,1995,118
USA,1996,118
USA,1997,144
USA,1998,123
USA,1999,132
USA,2000,142
USA,2001,140
USA,2002,142
USA,2003,142
USA,2004,130
USA,2005,88
USA,2006,128
USA,2007,142
USA,2008,130
USA,2009,130
USA,2010,107
USA,2011,108
USA,2012,110
USA,2013,71
USA,2014,48
USA,2015,41
USA,2016,46
USA,2017,51
USA,2018,63
USA,2019,81
USA,2020,61
USA,2021,84
USA,2022,152
USA,2023,159
UZB,1960,162
UZB,1961,162
UZB,1962,162
UZB,1963,162
UZB,1964,162
UZB,1965,162
UZB,1966,162
UZB,1967,162
UZB,1968,162
UZB,1969,162
UZB,1970,158
UZB,1971,158
UZB,1972,158
UZB,1973,158
UZB,1974,158
UZB,1975,158
UZB,1976,158
UZB,1977,158
UZB,1978,158
UZB,1979,158
UZB,1980,158
UZB,1981,140
UZB,1982,158
UZB,1983,158
UZB,1984,158
UZB,1985,158
UZB,1986,139
UZB,1987,158
UZB,1988,157
UZB,1989,139
UZB,1990,131
UZB,1991,123
UZB,1992,123
UZB,1993,125
UZB,1994,122
UZB,1995,122
UZB,1996,133
UZB,1997,132
UZB,1998,131
UZB,1999,105
UZB,2000,93
UZB,2001,101
UZB,2002,101
UZB,2003,91
UZB,2004,91
UZB,2005,91
UZB,2006,80
UZB,2007,68
UZB,2008,68
UZB,2009,65
UZB,2010,65
UZB,2011,63
UZB,2012,58
UZB,2013,39
UZB,2014,36
UZB,2015,43
UZB,2016,41
UZB,2017,54
UZB,2018,45
UZB,2019,64
UZB,2020,81
UZB,2021,59
UZB,2022,79
UZB,2023,159
VCT,1960,162
VCT,1961,162
VCT,1962,162
VCT,1963,162
VCT,1964,162
VCT,1965,162
VCT,1966,162
VCT,1967,162
VCT,1968,162
VCT,1969,162
VCT,1970,145
VCT,1971,141
VCT,1972,138
VCT,1973,158
VCT,1974,141
VCT,1975,137
VCT,1976,134
VCT,1977,158
VCT,1978,158
VCT,1979,151
VCT,1980,142
VCT,1981,157
VCT,1982,134
VCT,1983,155
VCT,1984,123
VCT,1985,148
VCT,1986,116
VCT,1987,124
VCT,1988,146
VCT,1989,152
VCT,1990,142
VCT,1991,112
VCT,1992,145
VCT,1993,145
VCT,1994,120
VCT,1995,145
VCT,1996,145
VCT,1997,145
VCT,1998,128
VCT,1999,127
VCT,2000,92
VCT,2001,100
VCT,2002,79
VCT,2003,66
VCT,2004,71
VCT,2005,89
VCT,2006,143
VCT,2007,87
VCT,2008,86
VCT,2009,78
VCT,2010,58
VCT,2011,100
VCT,2012,90
VCT,2013,75
VCT,2014,79
VCT,2015,74
VCT,2016,87
VCT,2017,65
VCT,2018,86
VCT,2019,121
VCT,2020,118
VCT,2021,125
VCT,2022,150
VCT,2023,159
VEN,1960,162
VEN,1961,162
VEN,1962,162
VEN,1963,162
VEN,1964,162
VEN,1965,162
VEN,1966,162
VEN,1967,162
VEN,1968,162
VEN,1969,162
VEN,1970,154
VEN,1971,101
VEN,1972,104
VEN,1973,112
VEN,1974,109
VEN,1975,109
VEN,1976,123
VEN,1977,123
VEN,1978,125
VEN,1979,123
VEN,1980,130
VEN,1981,123
VEN,1982,133
VEN,1983,127
VEN,1984,121
VEN,1985,123
VEN,1986,120
VEN,1987,108
VEN,1988,107
VEN,1989,117
VEN,1990,114
VEN,1991,101
VEN,1992,97
VEN,1993,108
VEN,1994,137
VEN,1995,141
VEN,1996,112
VEN,1997,121
VEN,1998,143
VEN,1999,76
VEN,2000,63
VEN,2001,58
VEN,2002,59
VEN,2003,59
VEN,2004,61
VEN,2005,63
VEN,2006,50
VEN,2007,47
VEN,2008,54
VEN,2009,44
VEN,2010,63
VEN,2011,51
VEN,2012,63
VEN,2013,63
VEN,2014,63
VEN,2015,46
VEN,2016,46
VEN,2017,83
VEN,2018,143
VEN,2019,143
VEN,2020,143
VEN,2021,143
VEN,2022,149
VEN,2023,159
VGB,1960,162
VGB,1961,162
VGB,1962,162
VGB,1963,162
VGB,1964,162
VGB,1965,162
VGB,1966,162
VGB,1967,162
VGB,1968,162
VGB,1969,162
VGB,1970,154
VGB,1971,134
VGB,1972,139
VGB,1973,132
VGB,1974,141
VGB,1975,130
VGB,1976,130
VGB,1977,157
VGB,1978,157
VGB,1979,130
VGB,1980,152
VGB,1981,129
VGB,1982,158
VGB,1983,124
VGB,1984,114
VGB,1985,115
VGB,1986,158
VGB,1987,158
VGB,1988,158
VGB,1989,158
VGB,1990,115
VGB,1991,110
VGB,1992,113
VGB,1993,148
VGB,1994,103
VGB,1995,138
VGB,1996,150
VGB,1997,150
VGB,1998,149
VGB,1999,78
VGB,2000,88
VGB,2001,86
VGB,2002,91
VGB,2003,83
VGB,2004,93
VGB,2005,83
VGB,2006,83
VGB,2007,92
VGB,2008,148
VGB,2009,86
VGB,2010,98
VGB,2011,91
VGB,2012,91
VGB,2013,94
VGB,2014,88
VGB,2015,73
VGB,2016,87
VGB,2017,85
VGB,2018,109
VGB,2019,108
VGB,2020,115
VGB,2021,107
VGB,2022,124
VGB,2023,164
VIR,1960,162
VIR,1961,162
VIR,1962,162
VIR,1963,162
VIR,1964,162
VIR,1965,162
VIR,1966,162
VIR,1967,162
VIR,1968,162
VIR,1969,162
VIR,1970,162
VIR,1971,147
VIR,1972,147
VIR,1973,150
VIR,1974,150
VIR,1975,146
VIR,1976,146
VIR,1977,147
VIR,1978,149
VIR,1979,153
VIR,1980,153
VIR,1981,152
VIR,1982,134
VIR,1983,136
VIR,1984,142
VIR,1985,142
VIR,1986,132
VIR,1987,139
VIR,1988,145
VIR,1989,145
VIR,1990,145
VIR,1991,121
VIR,1992,131
VIR,1993,119
VIR,1994,140
VIR,1995,140
VIR,1996,153
VIR,1997,140
VIR,1998,153
VIR,1999,153
VIR,2000,155
VIR,2001,155
VIR,2002,155
VIR,2003,155
VIR,2004,155
VIR,2005,155
VIR,2006,155
VIR,2007,153
VIR,2008,155
VIR,2009,155
VIR,2010,155
VIR,2011,155
VIR,2012,155
VIR,2013,155
VIR,2014,155
VIR,2015,155
VIR,2016,155
VIR,2017,153
VIR,2018,153
VIR,2019,153
VIR,2020,153
VIR,2021,153
VIR,2022,153
VIR,2023,159
VNM,1960,162
VNM,1961,162
VNM,1962,162
VNM,1963,162
VNM,1964,162
VNM,1965,162
VNM,1966,162
VNM,1967,162
VNM,1968,162
VNM,1969,162
VNM,1970,158
VNM,1971,158
VNM,1972,158
VNM,1973,158
VNM,1974,158
VNM,1975,158
VNM,1976,130
VNM,1977,119
VNM,1978,131
VNM,1979,117
VNM,1980,137
VNM,1981,131
VNM,1982,156
VNM,1983,153
VNM,1984,155
VNM,1985,137
VNM,1986,140
VNM,1987,150
VNM,1988,151
VNM,1989,134
VNM,1990,136
VNM,1991,132
VNM,1992,136
VNM,1993,136
VNM,1994,136
VNM,1995,129
VNM,1996,134
VNM,1997,133
VNM,1998,106
VNM,1999,83
VNM,2000,80
VNM,2001,91
VNM,2002,90
VNM,2003,111
VNM,2004,123
VNM,2005,112
VNM,2006,108
VNM,2007,115
VNM,2008,107
VNM,2009,80
VNM,2010,98
VNM,2011,92
VNM,2012,88
VNM,2013,91
VNM,2014,79
VNM,2015,82
VNM,2016,89
VNM,2017,107
VNM,2018,93
VNM,2019,83
VNM,2020,115
VNM,2021,114
VNM,2022,112
VNM,2023,159
VUT,1960,162
VUT,1961,162
VUT,1962,162
VUT,1963,162
VUT,1964,162
VUT,1965,162
VUT,1966,162
VUT,1967,162
VUT,1968,162
VUT,1969,162
VUT,1970,130
VUT,1971,130
VUT,1972,131
VUT,1973,130
VUT,1974,130
VUT,1975,141
VUT,1976,134
VUT,1977,134
VUT,1978,136
VUT,1979,134
VUT,1980,132
VUT,1981,116
VUT,1982,158
VUT,1983,144
VUT,1984,151
VUT,1985,156
VUT,1986,156
VUT,1987,156
VUT,1988,156
VUT,1989,122
VUT,1990,141
VUT,1991,122
VUT,1992,124
VUT,1993,130
VUT,1994,112
VUT,1995,145
VUT,1996,145
VUT,1997,135
VUT,1998,105
VUT,1999,72
VUT,2000,74
VUT,2001,73
VUT,2002,97
VUT,2003,100
VUT,2004,77
VUT,2005,123
VUT,2006,125
VUT,2007,112
VUT,2008,104
VUT,2009,108
VUT,2010,102
VUT,2011,140
VUT,2012,140
VUT,2013,116
VUT,2014,131
VUT,2015,80
VUT,2016,141
VUT,2017,134
VUT,2018,141
VUT,2019,107
VUT,2020,106
VUT,2021,100
VUT,2022,122
VUT,2023,159
WSM,1960,162
WSM,1961,162
WSM,1962,162
WSM,1963,162
WSM,1964,162
WSM,1965,162
WSM,1966,162
WSM,1967,162
WSM,1968,162
WSM,1969,162
WSM,1970,126
WSM,1971,135
WSM,1972,147
WSM,1973,140
WSM,1974,154
WSM,1975,128
WSM,1976,124
WSM,1977,132
WSM,1978,136
WSM,1979,138
WSM,1980,137
WSM,1981,127
WSM,1982,144
WSM,1983,143
WSM,1984,158
WSM,1985,158
WSM,1986,144
WSM,1987,158
WSM,1988,158
WSM,1989,158
WSM,1990,150
WSM,1991,138
WSM,1992,143
WSM,1993,145
WSM,1994,108
WSM,1995,109
WSM,1996,114
WSM,1997,125
WSM,1998,80
WSM,1999,60
WSM,2000,65
WSM,2001,63
WSM,2002,111
WSM,2003,120
WSM,2004,118
WSM,2005,119
WSM,2006,116
WSM,2007,97
WSM,2008,137
WSM,2009,85
WSM,2010,78
WSM,2011,68
WSM,2012,92
WSM,2013,137
WSM,2014,75
WSM,2015,82
WSM,2016,75
WSM,2017,89
WSM,2018,91
WSM,2019,92
WSM,2020,114
WSM,2021,113
WSM,2022,136
WSM,2023,159
XKX,1960,162
XKX,1961,162
XKX,1962,162
XKX,1963,162
XKX,1964,162
XKX,1965,162
XKX,1966,162
XKX,1967,162
XKX,1968,162
XKX,1969,162
XKX,1970,162
XKX,1971,162
XKX,1972,162
XKX,1973,162
XKX,1974,162
XKX,1975,162
XKX,1976,162
XKX,1977,162
XKX,1978,162
XKX,1979,162
XKX,1980,162
XKX,1981,162
XKX,1982,162
XKX,1983,162
XKX,1984,162
XKX,1985,162
XKX,1986,162
XKX,1987,162
XKX,1988,162
XKX,1989,162
XKX,1990,154
XKX,1991,154
XKX,1992,154
XKX,1993,154
XKX,1994,154
XKX,1995,154
XKX,1996,154
XKX,1997,154
XKX,1998,154
XKX,1999,154
XKX,2000,154
XKX,2001,154
XKX,2002,154
XKX,2003,154
XKX,2004,154
XKX,2005,154
XKX,2006,154
XKX,2007,154
XKX,2008,154
XKX,2009,154
XKX,2010,154
XKX,2011,154
XKX,2012,154
XKX,2013,154
XKX,2014,154
XKX,2015,154
XKX,2016,154
XKX,2017,154
XKX,2018,154
XKX,2019,154
XKX,2020,154
XKX,2021,154
XKX,2022,162
XKX,2023,164
YEM,1960,162
YEM,1961,162
YEM,1962,162
YEM,1963,162
YEM,1964,162
YEM,1965,162
YEM,1966,162
YEM,1967,162
YEM,1968,162
YEM,1969,162
YEM,1970,158
YEM,1971,158
YEM,1972,158
YEM,1973,158
YEM,1974,158
YEM,1975,158
YEM,1976,158
YEM,1977,158
YEM,1978,158
YEM,1979,158
YEM,1980,158
YEM,1981,158
YEM,1982,158
YEM,1983,158
YEM,1984,158
YEM,1985,158
YEM,1986,158
YEM,1987,158
YEM,1988,158
YEM,1989,158
YEM,1990,150
YEM,1991,141
YEM,1992,135
YEM,1993,145
YEM,1994,134
YEM,1995,145
YEM,1996,142
YEM,1997,139
YEM,1998,144
YEM,1999,70
YEM,2000,142
YEM,2001,99
YEM,2002,118
YEM,2003,84
YEM,2004,76
YEM,2005,87
YEM,2006,136
YEM,2007,135
YEM,2008,91
YEM,2009,142
YEM,2010,79
YEM,2011,108
YEM,2012,81
YEM,2013,78
YEM,2014,143
YEM,2015,143
YEM,2016,80
YEM,2017,143
YEM,2018,143
YEM,2019,143
YEM,2020,143
YEM,2021,143
YEM,2022,151
YEM,2023,159
ZAF,1960,162
ZAF,1961,162
ZAF,1962,162
ZAF,1963,162
ZAF,1964,162
ZAF,1965,162
ZAF,1966,162
ZAF,1967,162
ZAF,1968,162
ZAF,1969,162
ZAF,1970,122
ZAF,1971,158
ZAF,1972,158
ZAF,1973,157
ZAF,1974,158
ZAF,1975,156
ZAF,1976,158
ZAF,1977,154
ZAF,1978,154
ZAF,1979,154
ZAF,1980,147
ZAF,1981,156
ZAF,1982,156
ZAF,1983,158
ZAF,1984,158
ZAF,1985,146
ZAF,1986,149
ZAF,1987,147
ZAF,1988,141
ZAF,1989,132
ZAF,1990,115
ZAF,1991,86
ZAF,1992,138
ZAF,1993,135
ZAF,1994,91
ZAF,1995,118
ZAF,1996,131
ZAF,1997,135
ZAF,1998,85
ZAF,1999,60
ZAF,2000,73
ZAF,2001,52
ZAF,2002,46
ZAF,2003,48
ZAF,2004,59
ZAF,2005,66
ZAF,2006,90
ZAF,2007,84
ZAF,2008,90
ZAF,2009,80
ZAF,2010,82
ZAF,2011,82
ZAF,2012,79
ZAF,2013,110
ZAF,2014,71
ZAF,2015,49
ZAF,2016,85
ZAF,2017,39
ZAF,2018,90
ZAF,2019,62
ZAF,2020,81
ZAF,2021,74
ZAF,2022,145
ZAF,2023,159
ZMB,1960,162
ZMB,1961,162
ZMB,1962,162
ZMB,1963,162
ZMB,1964,162
ZMB,1965,162
ZMB,1966,162
ZMB,1967,162
ZMB,1968,162
ZMB,1969,162
ZMB,1970,125
ZMB,1971,133
ZMB,1972,103
ZMB,1973,127
ZMB,1974,110
ZMB,1975,120
ZMB,1976,103
ZMB,1977,103
ZMB,1978,106
ZMB,1979,97
ZMB,1980,95
ZMB,1981,102
ZMB,1982,105
ZMB,1983,117
ZMB,1984,117
ZMB,1985,132
ZMB,1986,105
ZMB,1987,141
ZMB,1988,114
ZMB,1989,148
ZMB,1990,122
ZMB,1991,135
ZMB,1992,138
ZMB,1993,138
ZMB,1994,109
ZMB,1995,114
ZMB,1996,129
ZMB,1997,142
ZMB,1998,88
ZMB,1999,77
ZMB,2000,91
ZMB,2001,105
ZMB,2002,93
ZMB,2003,143
ZMB,2004,87
ZMB,2005,85
ZMB,2006,96
ZMB,2007,82
ZMB,2008,99
ZMB,2009,100
ZMB,2010,86
ZMB,2011,95
ZMB,2012,76
ZMB,2013,93
ZMB,2014,122
ZMB,2015,113
ZMB,2016,113
ZMB,2017,100
ZMB,2018,123
ZMB,2019,135
ZMB,2020,128
ZMB,2021,142
ZMB,2022,149
ZMB,2023,159
ZWE,1960,162
ZWE,1961,162
ZWE,1962,162
ZWE,1963,162
ZWE,1964,162
ZWE,1965,162
ZWE,1966,162
ZWE,1967,162
ZWE,1968,162
ZWE,1969,162
ZWE,1970,138
ZWE,1971,137
ZWE,1972,137
ZWE,1973,130
ZWE,1974,130
ZWE,1975,134
ZWE,1976,130
ZWE,1977,130
ZWE,1978,130
ZWE,1979,126
ZWE,1980,138
ZWE,1981,127
ZWE,1982,120
ZWE,1983,115
ZWE,1984,110
ZWE,1985,129
ZWE,1986,122
ZWE,1987,130
ZWE,1988,130
ZWE,1989,129
ZWE,1990,124
ZWE,1991,119
ZWE,1992,96
ZWE,1993,127
ZWE,1994,128
ZWE,1995,117
ZWE,1996,121
ZWE,1997,134
ZWE,1998,113
ZWE,1999,89
ZWE,2000,91
ZWE,2001,85
ZWE,2002,65
ZWE,2003,86
ZWE,2004,143
ZWE,2005,143
ZWE,2006,143
ZWE,2007,143
ZWE,2008,143
ZWE,2009,141
ZWE,2010,131
ZWE,2011,128
ZWE,2012,39
ZWE,2013,60
ZWE,2014,86
ZWE,2015,87
ZWE,2016,103
ZWE,2017,81
ZWE,2018,102
ZWE,2019,91
ZWE,2020,109
ZWE,2021,121
ZWE,2022,144
ZWE,2023,159
